1000 1000000000000000000
678986706878538303 742900196247682366
923023854990973864 958636873946032142
640703604236575924 761344273564439015
153441458114648376 721872522804612365
614516670173105454 806377580566493893
173388386906498654 276868453385983619
870178078606534312 898857905646494410
538160538379145456 803673744494933602
541285696237907998 645126458368126430
854547222408962377 978032060231725847
917891404533965084 994114564570916924
54771429559810197 637555845382352580
734146922258913607...