100000 1000000000000000000
7 9
2 5
8 11
1 11
2 10
3 7
5 6
8 11
1 8
10 10
7 8
1 4
5 9
5 7
1 10
5 8
3 3
2 6
1 5
7 9
9 10
3 10
8 9
1 10
2 8
7 7
3 6
8 11
7 7
8 9
1 4
10 11
5 8
6 10
4 10
3 9
3 3
11 11
10 10
5 6
8 8
5 8
5 11
3 5
7 10
10 10
8 9
8 11
6 9
1 6
1 10
7 10
9 9
1 10
2 7
10 11
1 4
8 9
8 11
8 10
9 9
10 11
10 11
2 6
11 11
5 6
2 7
8 8
11 11
7 11
8 11
11 11
4 6
5 10
10 10
3 10
11 11
5 8
7 11
1 11
7 9
10 10
8 8
9 11
4 4
6 7...