100000 8484848557999
1337635 3546289
4083415 7497831
4284354 7196964
5651903 7474178
7927467 8244092
1394033 2803933
1547610 3585537
837505 8426355
1702635 3332713
3552492 7340065
7589631 8124803
1381849 7067500
4813842 7853043
3600172 6204666
6973250 7276193
962276 4608378
5621560 6373648
6327929 7471641
4407088 5498874
2667812 4291203
5582906 8446988
3687715 4467491
3572142 7909896
7193797 8162150
908334 3661791
7478037 7622468
7270002 8181424
4083962 6958176
2592471 6725961...