1000 100 998
964 97
672 58
851 22
10 10
122 47
425 35
251 12
348 65
130 50
878 75
495 63
419 85
849 75
784 79
305 66
949 2
841 66
822 1
581 15
723 51
560 42
32 50
50 66
139 27
725 53
828 23
130 28
832 12
800 7
876 89
529 43
463 22
213 53
799 93
528 7
166 21
673 23
998 69
950 20
257 89
389 63
73 89
29 53
375 75
985 92
855 13
335 85
224 25
311 28
91 56
372 27
524 58
80 33
798 95
209 80
6 21
836 47
157 63
918 60
388 11
680 100
590 2
115 5
753 98...