1000 100000 2000
459 79976
729 83404
727 72269
118 29994
413 75607
194 19461
824 14905
976 74253
633 3585
689 48500
306 68257
201 4396
724 95018
664 51959
753 49510
148 55598
909 8853
655 99952
34 77670
490 93695
687 98932
462 77049
659 98571
307 86135
88 86282
422 67647
736 77218
187 84060
804 50224
206 2655
231 28489
328 67278
667 90816
229 59552
606 58669
37 38640
555 7710
789 65721
939 35153
5 25340
477 19968
620 51536
936 11173
810 609
937 83680
132 20734...