10000 100000 2000
6700 35077
6048 40974
3582 65914
2827 74293
9039 9697
1967 81823
792 93057
153 98602
2652 76034
6701 35068
9824 1887
5870 42741
4145 59722
3687 64436
1909 82714
6818 33974
1490 86570
3976 61330
25 99587
6757 34634
9339 6917
5345 48358
288 97591
8057 19946
3974 61378
1473 86602
4960 51399
2055 81207
1567 85904
7645 24155
408 96408
3776 63067
7313 28304
3378 68742
2473 77521
5125 50157
379 96742
9325 7149
1543 86061
5830 42932
1132 89887
6119 40054...