10000 100000 2000
244 690
8164 690
163 690
6377 690
6755 690
4683 690
8386 690
7176 690
146 690
9325 690
6432 690
5416 690
264 690
3105 690
322 690
6573 690
8789 690
4429 690
4359 690
8499 690
6841 690
8975 690
9294 690
6788 690
3895 690
3761 690
4366 690
7260 690
3239 690
3351 690
2834 690
1354 690
2727 690
2082 690
3382 690
20 690
9647 690
2875 690
6266 690
8528 690
4175 690
3050 690
7946 690
5702 690
7772 690
6881 690
5570 690
4984 690
1359 690
4638 690...