40 40 100000
27 9
9 37
28 33
34 35
15 23
12 20
11 25
26 2
22 24
2 24
25 27
25 23
1 20
29 26
39 9
33 33
33 28
4 26
31 36
34 11
7 10
18 2
17 37
22 13
3 22
30 10
30 29
21 8
7 18
18 4
23 36
25 38
28 22
24 25
6 13
10 14
26 35
39 17
35 23
34 35
36 11
18 6
31 37
33 13
1 30
32 17
11 30
9 4
35 38
28 10
9 28
11 35
2 3
37 11
25 8
38 19
17 22
38 29
12 35
22 3
39 17
30 16
19 14
2 5
22 20
16 14
16 26
27 27
23 40
11 40
11 23
3 20
26 15
2 38
37 32...