10 100 100000
10 40
4 61
2 78
6 86
10 78
8 66
5 6
6 24
2 84
8 98
8 43
6 48
8 11
9 94
7 69
4 18
3 71
7 32
9 66
2 4
10 3
2 96
3 9
10 71
7 99
4 91
6 99
8 19
5 55
7 66
8 92
3 26
1 50
4 62
5 81
7 69
1 72
9 77
6 88
5 57
2 57
9 70
5 41
6 54
9 83
7 64
2 74
5 94
4 36
8 71
2 15
7 21
10 79
9 85
7 50
8 90
2 86
9 93
5 23
5 64
4 35
5 58
6 20
2 33
10 81
7 76
7 9
1 69
10 62
2 24
1 83
2 26
1 3
8 4
8 16
9 25
5 1
1 75
6 61
6 43
8 17
3 84
3 77...