100 1000 50000
68 837
49 254
57 468
14 234
71 246
97 186
88 693
11 834
100 79
58 161
16 687
22 629
38 946
26 437
99 940
81 909
32 489
93 173
46 868
87 578
79 795
81 556
70 944
10 910
42 258
2 266
80 506
40 146
4 79
26 896
8 722
56 263
77 330
65 47
4 306
92 437
54 46
73 688
69 530
46 526
77 779
18 797
51 59
25 954
22 233
86 573
93 551
96 507
26 458
57 699
46 846
70 418
14 688
93 327
84 513
34 367
12 114
23 546
35 802
63 220
28 602
38 109
86 410...