764 259 100000
14 207
251 167
95 146
548 159
487 182
260 25
201 156
635 10
128 43
637 179
56 58
688 184
563 231
563 4
109 3
538 18
644 60
228 67
408 71
396 225
584 234
144 122
312 99
645 113
680 79
577 96
695 214
472 202
458 90
432 185
465 215
596 101
586 187
100 193
642 13
360 152
665 225
25 65
678 126
127 229
677 115
758 157
175 22
652 209
398 59
172 29
530 190
359 16
185 197
653 145
571 181
36 225
227 44
346 21
169 74
582 49
25 29
299 66
471 17...