349 971 63803
46 1
35 758
37 295
102 833
271 589
51 3
254 253
159 488
75 19
292 101
292 909
298 737
240 665
103 121
65 320
246 629
147 255
231 714
263 679
212 385
334 39
3 92
231 346
122 841
125 793
106 637
245 221
88 213
246 467
214 839
78 523
70 307
217 911
260 735
18 247
243 418
315 955
113 89
151 401
194 563
58 705
297 636
161 439
339 229
107 607
197 383
263 936
125 769
35 562
322 57
179 156
161 22
323 737
343 655
265 410
311 246
153 923
96 457...