715 532 100000
480 167
311 281
358 131
53 46
114 251
88 191
432 103
460 197
265 510
296 207
564 491
392 505
669 388
595 355
488 157
230 339
345 442
547 432
89 104
177 440
201 263
89 327
704 403
302 397
191 527
467 280
617 442
499 36
466 293
90 485
616 493
313 335
541 390
197 186
674 325
536 531
573 347
329 507
72 109
200 325
619 386
621 408
389 466
147 46
569 62
266 215
130 431
263 2
503 385
7 66
472 431
101 146
487 319
147 6
443 407
544 139
211 224...