90 92
-7 3
-7 0
-1 -4
9 -6
10 9
-9 1
-2 0
-10 -8
-5 -1
6 -6
-2 -4
10 2
-7 -9
-4 10
-10 1
6 1
-5 2
1 -9
4 4
-1 10
-6 2
7 -8
10 10
-5 -7
5 8
6 0
-10 3
3 0
-8 8
0 -6
9 3
-3 -4
5 -9
-7 -2
-3 9
4 0
4 2
8 8
7 4
-4 -2
-6 -6
-10 5
7 -6
5 -3
8 5
-3 -2
0 -2
-7 2
-3 3
-4 8
-3 -3
2 -4
5 -6
0 10
-5 -10
2 -9
3 -5
-2 -3
3 8
-2 5
2 -7
1 -1
6 -9
-1 9
-5 -5
-10 -9
-6 -10
8 -5
-3 -6
5 -5
8 2
2 -2
-6 -5
-1 -1
10 7
-8 5
7 -1
6 -10
4 -2
10 5
-9 -9...