60 160
-2 7
7 10
2 -4
0 7
-1 -1
4 -7
-2 10
10 3
-4 -3
5 8
0 -3
0 1
0 10
10 5
-4 4
-6 -5
-5 -2
6 -10
-10 0
1 -6
10 6
-7 -3
-7 -4
7 -8
4 7
-3 8
-7 -8
-8 9
1 -2
-5 -7
8 -9
-9 -4
-10 9
-6 2
8 -5
-10 7
5 -7
1 -1
-3 2
-9 6
-4 -5
10 -9
-10 6
-6 -2
10 0
8 3
9 3
-8 -8
1 -4
1 1
6 -9
-9 -9
-9 -8
-8 -10
6 -4
-5 -9
-9 -7
-10 8
-8 -9
-7 8
-2 -10
-2 0
-10 4
7 7
5 -10
0 6
-1 3
7 -3
-10 -6
-9 2
-8 4
-1 -3
-5 -8
5 2
0 -9
-3 5
3 -3
6 0
3 3
10 -5...