999999999999992981 88
-6 3
-3 2
-6 6
-8 -8
2 5
10 7
-7 3
4 -8
-6 10
4 0
1 7
-3 7
2 8
7 4
0 6
10 6
9 2
-1 5
-8 3
-5 -4
-1 -7
4 -4
10 -7
5 6
-10 2
-5 1
-7 9
-5 -8
1 8
10 10
1 -6
-9 0
10 0
9 -10
-6 0
-9 1
-6 1
-2 9
-7 4
-4 -9
3 10
-2 -7
9 9
-4 9
9 10
10 -2
3 4
-8 6
-1 -4
10 -8
-1 -3
-5 -5
-5 -2
-3 -3
7 -10
7 10
8 -1
-8 -10
6 -10
2 7
-5 -10
5 -10
4 1
-6 -10
0 1
-8 -2
-10 9
-4 7
-2 -10
5 -5
7 8
-7 -8
3 3
-6 9
4 8
7 -8
10 -3
5 3
-9 4...