999999999999995974 363
8 4
-4 -1
0 -9
-8 -10
-1 -9
9 5
-8 -4
3 -6
-5 2
1 8
7 -8
-9 -3
0 3
3 1
-8 -8
-2 -8
-7 4
3 9
7 -7
8 0
-8 7
10 -3
7 7
-4 10
-7 -9
-8 -1
-1 9
-8 1
2 8
-10 7
0 -2
-2 -9
-4 0
5 -9
-5 -8
4 7
3 4
0 1
4 4
3 -1
10 2
10 -4
-2 -7
-4 -10
-6 -1
6 -5
-10 -5
-1 7
4 5
2 9
-5 8
4 3
-3 1
8 2
-3 -1
8 -7
8 -4
7 2
-5 -3
3 -2
5 8
-6 8
7 -10
7 5
10 -2
-7 6
5 4
-1 -8
0 9
7 -5
1 0
-2 -2
-2 -6
-5 -4
-3 -9
-7 7
4 2
10 7
-7 8
-8 -2...