482201
-1
481546
481170
481864
481150
481084
482438
479917
-1
479460
-1
-1
479851
481878
479538
481063
481126
482364
481350
481238
480303
481346
480210
482230
481454
-1
482356
482261
481558
481822
482529
482122
481506
482457
-1
-1
480713
-1
480990
481325
480552
-1
481782
481020
480972
-1
482102
478160
480899
481435
-1
482399
482054
481375
-1
480743
-1
-1
482153
480995
480362
481067
-1
480869
479209
-1
479680
481060
481651
481084
482289...