489676
489947
489375
489659
489933
-1
489668
489873
-1
489709
-1
489916
489221
489884
489759
489731
-1
-1
-1
490009
489789
489965
489852
489980
489789
489966
489851
489390
-1
489719
489191
489965
-1
489829
489921
-1
489925
489444
-1
489668
489789
489383
489933
489753
489939
489854
489118
489755
489701
-1
489671
489947
489548
-1
489933
489789
489546
-1
489928
489483
489383
-1
-1
-1
489902
489610
489722
489765
489390
489928
489586
489401...