482201
481584
479511
481349
478672
-1
481084
482438
479917
481884
481834
481126
482098
481000
481970
482358
-1
-1
480110
481946
479062
481469
482440
482176
481012
481346
-1
481884
479538
482235
482281
479773
482376
482275
481125
482201
480497
481955
481600
482505
482113
480713
481941
481773
482313
482438
482084
482231
481782
481020
480972
-1
480845
482336
482163
-1
480210
481757
481011
482353
479460
482084
-1
480638
481012
-1
482061
481264...