494621
494850
494401
494946
494679
494401
494639
494711
-1
494672
494713
494815
494879
494931
-1
494713
494153
494820
494415
494218
-1
494198
494759
494647
494563
494640
494517
494783
495005
494802
494563
494530
494802
494951
494969
494875
494783
494848
494737
494460
494179
494221
494545
-1
494623
494837
494879
494398
494771
494287
494910
494529
494827
494580
-1
494827
494221
494850
-1
494646
494837
495011
494759
494694
494530
494342
494712...