-1
499994
-1
499994
-1
-1
-1
-1
-1
-1
499994
-1
-1
-1
-1
499994
-1
-1
499996
-1
499996
-1
-1
-1
-1
499994
-1
499994
499994
499996
499994
-1
-1
-1
-1
-1
-1
499996
-1
-1
499994
-1
499996
-1
-1
-1
499996
-1
499996
499996
499996
-1
-1
-1
-1
-1
-1
-1
-1
-1
-1
499994
-1
-1
499994
-1
-1
-1
-1
-1
499996
499996
-1
499994
499996
499996
-1
499994
-1
-1
-1
499994
-1
499996
-1
-1
499994
499994
-1
499996
499994
-1
499996
-1
-1...