499988
-1
-1
499997
499988
-1
-1
-1
-1
499988
-1
-1
-1
499997
499997
-1
-1
-1
-1
499988
499988
-1
-1
-1
-1
-1
499997
499997
499988
-1
-1
499997
-1
499988
-1
-1
499988
-1
499988
-1
499988
499988
499988
-1
-1
499997
499997
499997
499997
-1
499997
499988
499997
-1
499988
-1
-1
499997
499997
-1
-1
499988
-1
499988
-1
-1
-1
-1
-1
499988
499988
-1
499997
-1
499988
-1
499988
499988
499997
499988
499988
-1
-1
-1
-1
-1
-1
499988...