-1
-1
499990
499999
-1
499990
-1
499999
499999
499990
-1
499999
-1
499999
-1
-1
-1
499999
-1
499990
-1
499999
-1
499999
-1
-1
-1
499999
-1
499990
499990
-1
-1
499990
499999
-1
-1
499990
-1
499999
-1
-1
-1
499999
-1
499999
-1
499990
-1
-1
-1
499990
499999
-1
499999
-1
499999
-1
499999
-1
-1
-1
-1
-1
-1
499999
-1
-1
-1
-1
-1
499990
-1
499990
-1
-1
499990
499999
-1
499999
-1
499990
499999
-1
-1
499990
499999
-1
499999
-1...