-1
-1
499997
499997
-1
-1
499997
499998
499998
499997
-1
499997
-1
499998
-1
-1
499998
499998
499997
-1
499998
-1
-1
-1
-1
499997
499997
499997
-1
-1
499997
-1
499997
-1
-1
-1
-1
-1
-1
499997
-1
-1
499998
-1
-1
-1
499998
499997
-1
-1
499998
499998
499997
499997
499997
-1
499997
-1
-1
-1
499998
-1
-1
-1
-1
499998
-1
499998
499998
499997
499998
-1
-1
499998
499997
-1
499998
-1
-1
-1
-1
499997
-1
499998
499997
-1
-1
-1
-1...