499999
-1
-1
-1
499999
499999
499999
499999
499999
499999
499999
499999
499999
-1
499999
-1
499999
499999
-1
-1
499999
499999
-1
499999
-1
-1
499999
-1
499999
499999
499999
-1
499999
499999
499999
-1
499999
-1
-1
499999
-1
499999
-1
499999
-1
499999
-1
499999
499999
-1
-1
-1
-1
499999
-1
-1
-1
499999
-1
499999
499999
-1
-1
-1
-1
-1
499999
-1
499999
499999
-1
499999
-1
499999
-1
499999
499999
499999
499999
499999
499999
-1
-1...