499999
499999
499999
499999
499999
499999
499999
499999
499999
499999
499999
499999
499999
499999
499999
499999
499999
499999
499999
499999
499999
499999
499999
499999
499999
499999
499999
499999
499999
499999
499999
499999
499999
499999
499999
499999
499999
499999
499999
499999
499999
499999
499999
499999
499999
499999
499999
499999
499999
499999
499999
499999
499999
499999
499999
499999
499999
499999
499999
499999
499999
499999
499999
499999...