0 3
0 3
0 5
0 4
1 7
0 5
0 3
0 0
0 2
0 2
0 0
0 3
0 7
0 3
0 3
1 5
0 2
0 0
0 1
0 0
1 4
0 6
0 3
0 0
0 7
0 3
0 0
0 7
0 2
0 4
1 2
0 1
1 5
0 8
1 4
0 4
0 6
0 4
0 2
0 1
2 6
1 7
0 2
0 0
2 10
0 3
0 0
1 1
0 2
0 1
1 8
0 5
1 4
0 3
1 8
0 0
0 6
2 8
1 4
0 2
0 0
0 0
0 1
0 2
0 1
0 0
0 6
0 1
1 12
0 1
2 7
0 1
0 3
1 8
0 4
1 5
0 2
0 1
0 3
1 5
1 7
1 1
0 1
0 3
2 9
0 1
0 2
0 0
2 7
0 1
0 3
0 1
2 7
0 0
0 0
0 4
0 1
0 0
0 1
3 6
0 5
0 3...