200000 200000
688800 12
1565331 3
1014083 3
375997 0
125526 9
1998172 3
1790033 5
1198620 0
1360904 4
1581199 1
564169 0
1139656 1
35280 3
1650403 0
1150487 12
1775210 0
796907 0
24088 0
1827251 2
723833 4
144846 2
1024004 0
1898315 2
729410 0
1576581 1
303457 7
1774657 1
1210964 3
1257753 0
668291 8
1709523 4
2355 11
160426 0
114243 0
230561 3
1969994 2
1175237 1
1026843 1
1546536 0
152373 1
679153 4
1754846 0
1193889 1
527215 2
1268111 7
1976983 8
1147445 2...