961678
923419
999841
927228
990257
973394
990068
958004
961740
935557
945195
950327
941537
943444
996358
984814
987795
956305
966389
983224
961806
985287
909937
907788
949349
974231
968917
946376
947778
948353
921965
983011
974700
973036
940052
969772
927733
982587
974512
963815
918816
961239
990033
956048
948860
942637
973406
949295
933173
975255
953697
931693
912487
956549
976051
932319
985767
988925
952604
935270
979451
962478
934248
901894...