673496
58137
364086
737004
892708
693539
736051
319388
111188
826705
136058
195504
763571
72483
843569
827271
868510
105219
55906
6467
35813
838993
405766
28896
677305
173454
20922
484369
210781
932442
234043
34993
77977
553974
946368
617625
579471
900390
953672
298489
658438
949146
731470
74950
77019
6341
377943
347083
122591
102197
423530
262884
755911
766124
349578
11929
838006
297214
577071
94768
495454
400738
658994
920678
257266
145711...