712293
870209
886603
453309
959390
972237
850523
764450
981602
487610
146324
317714
896738
888096
344036
755444
808292
349428
222372
736441
455885
405679
329848
455641
491528
195576
350589
43418
439304
387031
88896
839588
190770
261365
83202
723800
340431
697723
221841
171041
572475
809850
64562
189687
988132
510550
69420
224443
355905
778091
25751
374413
747763
85835
162494
161119
530485
433151
478154
612355
655075
74344
511473
169030
498127...