990003
955635
945248
908090
978204
987629
914235
967659
909616
933794
914461
937818
915775
933771
985507
970416
972374
902992
989417
975388
969496
955723
927694
952746
953443
914701
981384
954640
958195
984908
965348
932716
922556
971357
950465
935812
949510
931987
912429
914429
901195
953883
933424
928750
951155
966252
960392
975009
919012
986719
949791
915101
919136
959855
905047
957837
914224
972158
931494
961693
983078
958226
903690
961847...