969297
992443
925176
999607
933288
902946
977454
963129
948452
902104
948773
944172
984734
929321
944775
917077
941624
992450
994766
954919
958542
920463
997787
986970
957846
968027
996284
968717
991985
915803
917775
979227
914146
929263
987613
930688
913354
963707
930400
919374
971711
906740
954803
953499
930144
993041
933577
943289
946138
909663
975707
962359
926277
967826
971949
966748
921826
965455
975620
900706
903172
952175
908535
922456...