99998
53250 9486
57570 1121
59839 1516
73097 2227
79842 6074
87235 5702
95360 5458
97699 826
100200 1857
106568 864
132965 11738
172342 21517
183727 10644
218253 4035
223430 4401
258161 28426
262571 2682
265461 666
279944 7165
280406 357
289830 4774
296289 731
299526 495
310507 5615
333266 18737
335097 92
343440 2715
347572 515
364254 3828
384469 16002
395676 3394
405703 5159
432802 21826
433098 103
442458 1632
442799 269
445230 640
465795 7108
465846 1
478725 12334...