99998
26 1000000000
64 22
98 2
106 7
395 268
738 20
816 8
854 4
883 24
935 21
937 2
980 2
1218 119
1231 10
1324 10
1325 1
1452 28
1539 59
1618 71
1671 44
1812 63
1844 20
1889 14
2004 91
2233 57
2295 44
2300 4
2354 1
2425 45
2649 147
2851 55
2955 4
2959 3
3304 54
3342 30
3410 48
3579 161
3655 31
3728 39
3977 164
3995 9
4265 205
4333 36
4544 91
4589 17
4629 21
4877 179
5019 89
5031 3
5058 1
5075 4
5082 7
5115 20
5145 10
5153 8
5208 36
5316 85
5332 12...