99998
8 15
13 5
16 2
17 1
19 2
20 1
36 2
45 1
70 23
78 2
91 8
95 3
106 10
111 5
143 22
146 1
147 1
158 6
166 6
171 3
200 28
202 2
217 9
219 1
250 8
253 1
260 4
271 1
288 13
302 8
333 24
337 1
341 3
345 4
359 10
362 3
367 3
368 1
388 10
396 5
398 2
410 6
413 1
419 2
447 21
449 2
466 12
469 3
487 13
495 5
504 5
516 8
519 1
531 2
573 1
574 1
581 6
590 1
591 1
598 5
619 14
623 2
628 2
650 15
651 1
660 8
667 3
706 4
711 4
717 2
721 3
730 4...