99998
2 4785
12 4102
28 5671
45 4403
76 1787
81 6761
85 9271
90 6648
92 4378
102 5649
108 5772
115 1011
116 1144
119 5373
122 2375
126 3899
134 6530
158 1992
162 840
176 127
183 8822
198 9169
207 2121
211 5331
219 1159
228 3680
234 1014
244 3978
246 4736
249 4785
258 4047
276 6931
278 6968
282 6068
288 1567
291 3355
292 1656
294 5375
305 4072
321 6937
323 4154
334 526
358 8311
385 290
387 6802
390 7597
396 848
397 2595
422 1333
438 4984
444 8258
445 1553...