99997
7 222
14 392
18 296
32 285
39 161
41 126
46 231
48 387
71 4
77 345
81 210
103 57
114 160
115 265
143 6
154 49
166 150
167 353
172 20
179 81
181 312
187 201
188 289
213 323
230 45
238 223
267 23
277 230
280 337
290 193
303 371
316 347
320 386
327 132
337 341
353 24
355 340
361 193
365 243
384 185
447 238
453 114
466 102
467 154
478 251
508 74
514 395
525 206
542 363
547 362
554 35
558 379
562 95
564 125
570 339
578 316
585 208
608 157
615 101...