133460
133460
133460
133460
133460
133460
133460
133460
133460
133460
133460
133460
133460
133460
133460
133460
133460
133460
133460
133460
133460
133460
133460
133460
133460
133460
133460
133460
133460
133460
133460
133460
133460
133460
133459
133460
133460
133460
133460
133460
133460
133460
133460
133460
133460
133459
133460
133460
133460
133460
133460
133460
133460
133460
133460
133460
133460
133459
133460
133460
133460
133460
133460
133460...