34
34
34
34
34
34
34
34
34
34
34
34
33
34
34
34
34
34
34
34
34
34
34
34
34
34
34
34
34
33
34
34
34
33
34
34
34
34
33
34
34
34
34
34
35
34
34
33
34
34
34
34
34
33
34
34
34
34
34
34
34
34
34
34
34
34
34
34
34
34
34
34
34
34
34
34
34
34
34
34
34
34
34
34
34
34
34
34
34
34
34
34
34
34
34
34
34
34
34
34
34
34
35
34
33
35
34
34
34
35
34
34
34
34
34
34
34
34
34
34
34
34
34
34
34
34
34
34...