36
36
36
36
36
36
36
36
37
36
36
36
36
36
36
36
36
36
36
36
36
37
36
36
37
36
36
36
36
36
36
36
36
36
36
37
36
37
35
36
37
36
36
36
36
36
36
36
36
36
35
36
36
36
36
37
36
36
36
36
36
36
36
36
36
36
36
36
37
36
37
36
36
36
36
36
36
36
36
36
36
36
36
36
36
36
36
36
36
36
36
36
36
36
36
36
36
36
36
36
36
36
36
36
36
36
36
36
36
36
36
36
36
36
36
36
36
36
36
36
36
36
36
36
36
36
36
36...