61
61
61
61
61
61
61
61
61
61
61
61
61
61
61
61
61
61
61
61
62
61
61
61
61
61
61
61
61
61
61
61
61
61
61
60
61
61
61
61
61
61
61
61
62
61
62
62
61
61
61
61
61
61
61
61
61
61
61
61
61
61
61
61
61
61
62
61
61
61
61
61
61
61
61
61
61
61
61
61
61
61
61
61
61
61
61
61
61
61
61
61
61
61
61
61
61
61
61
61
61
61
61
61
61
61
61
61
61
61
61
61
61
61
61
61
61
61
60
61
61
62
61
61
61
61
61
61...