83
83
83
83
83
83
83
83
83
83
83
83
83
83
83
83
83
83
83
83
83
83
83
83
83
83
83
83
83
83
83
83
83
83
83
83
83
83
83
83
83
83
83
83
83
83
83
83
83
83
83
83
83
83
83
83
83
83
83
83
83
83
83
83
83
83
83
83
83
82
83
83
83
83
83
83
83
83
83
83
83
83
83
83
84
83
82
84
83
83
83
83
83
83
83
83
83
83
82
83
83
83
83
83
83
83
83
83
83
83
83
83
83
84
83
83
83
83
83
83
83
83
83
83
83
83
83
83...