17
17
17
17
17
17
17
17
17
17
17
17
17
17
17
17
17
16
17
17
16
17
17
17
16
17
17
17
17
17
17
17
17
17
17
17
17
17
17
17
17
17
17
17
16
17
18
17
17
17
17
17
16
17
17
17
17
17
17
17
18
17
17
17
17
17
17
17
17
17
17
17
18
17
17
17
17
17
17
17
17
16
17
18
17
16
17
17
17
18
17
17
17
17
17
17
17
17
17
17
17
17
17
16
17
17
17
18
17
17
17
17
17
17
17
17
17
17
17
17
17
16
17
17
17
18
17
17...