74
74
74
74
74
74
74
74
74
74
74
74
74
74
74
74
75
74
74
74
74
74
74
74
73
74
74
74
74
74
74
74
74
74
74
74
74
74
74
74
74
74
74
74
74
74
74
74
74
74
74
74
74
74
74
74
74
74
74
74
74
74
74
74
74
74
74
74
74
74
74
74
74
74
74
74
74
74
74
74
75
74
74
74
74
74
74
74
74
74
74
74
74
74
74
74
74
75
74
74
74
74
74
74
74
74
74
74
74
74
74
75
74
74
74
74
74
74
74
74
74
74
74
75
74
74
74
74...