90
90
90
90
90
90
90
90
90
89
90
90
90
90
90
90
90
90
90
90
90
90
90
90
90
90
90
90
90
90
90
90
90
90
90
90
90
90
90
90
90
90
90
90
90
90
90
90
90
90
90
90
90
90
90
90
89
90
90
90
90
90
90
90
90
89
90
90
90
90
90
90
90
90
90
90
90
90
90
90
90
90
90
90
89
90
90
90
90
90
90
90
90
90
90
90
90
90
90
90
90
90
90
90
89
90
90
90
90
90
89
90
90
90
90
90
90
90
90
90
90
90
90
90
89
90
90
90...