100000 100000
576808305 681421737
55461724 236483786
707698059 404563427
52908942 591122457
51987633 377483333
674643880 875339912
803146595 90779304
261106617 831482570
536944239 400571786
111528418 307904998
218131951 282837572
94386299 84957824
369158982 767845950
466158201 778433802
633873348 807689642
186916287 445075748
964349255 886761603
165474615 611405714
820832199 889955585
643363876 370130459
188485972 863598161
488217278 583527849
893100129 878829930
60490832 404144393...