100000 100000
517491647 236920749
865250673 721049798
36760771 975495348
652704002 168373412
110851539 933489762
246384624 827488917
75861078 622038173
732866569 868771711
839774124 106321080
408463591 477405883
87024973 283050695
75356890 405995849
44383158 280246009
131591200 893967380
669959520 316490960
474736495 578895772
438879414 384438454
632162550 973769666
165263966 850438081
881546785 141661009
674919436 746981460
377147830 998342079
23703444 136380667
32638595 851771671...