100000 100000
674985653 68975601
850594276 896021407
222889852 344806862
814742476 27935587
192921932 114614611
104757271 634869483
129130132 902049489
543077275 821360117
543391348 891871744
220952832 421516447
51280926 448434117
949172696 592444445
731778312 990997943
759034536 662797390
279080724 448434117
966850721 27935587
633222729 114614611
723107825 189558856
613721938 12928787
425107595 637830183
137424697 902049489
702839935 30055330
85076663 753296105
442067650 421516447...