70107
32255
70070
70019
72086
70078
72053
72094
70103
70095
70070
70095
72082
70087
72026
70027
70107
34
70027
72094
70095
379
72090
70078
72078
72077
70095
70027
70079
72106
72090
70027
72074
13030
70095
70027
72065
70078
72014
70087
70107
72082
70078
70087
70070
72026
70087
72077
72062
72086
72090
72062
72062
72106
72053
72014
72074
70095
70087
72094
72102
72082
70079
72078
72026
72094
70099
3460
70070
70107
70099
70099
72062
70019...