1261050
1261007
1261003
1260906
1261039
1260898
1260991
1261099
1260896
1260955
1260926
1260805
1260991
1261027
1260888
1261003
1260814
1260995
1261019
1261063
1260920
1260914
158274
1260814
1261015
1261050
1260941
1261039
1261051
1260911
1260903
1261027
1260888
1260959
1261015
1261087
1261071
1260910
1260910
1261047
1260995
1261035
1261027
1260956
1261018
1260886
1260895
1260922
1261119
1260815
1260894
1260995
1260979
1260983
1260930
1260805
1260998...