0
63380348
294071842
380104340
384438390
384438390
455264456
0
591102402
623784962
21862980
760673443
0
940774898
932704842
126889657
734809921
307775159
92611165
255931008
2270891971
173450868
1478261606
1003503286
1415152202
899503325
1728675388
932044557
98744614
454641562
383673488
530938166
911197704
1186937705
2057954712
69459573
389060488
517228613
1762308001
2052883827
140062276
1734574442
1385392195
3219079379
1480016102
74540866
175983609
2898388388...