0
0
46104202
0
0
87919915
0
214964293
315439782
269852851
46104202
512985006
35823383
155388572
282722482
139914009
305280293
109284370
537238345
48041234
61243136
46104202
220918637
495827094
46104202
68741869
104590077
585897103
800970288
186220113
601483297
1030015180
1111784044
1475004306
96481730
535782063
1512583824
552022667
1556592889
934889267
751891983
561883758
200337718
0
934889267
57858449
504102055
1022155600
0
967608498
1896556427
104590077...