920284985446
533056980442
358716144027
3026213115163
1883366531688
3209820005110
12124531179
4724568297560
6057319848808
6195123492363
1089714048060
9522792352063
3553767042273
9604703080595
11673953730238
497644743807
11431019379070
7765940329670
120934423080
7917719105154
13228770776401
5527389517154
5451056352828
926441038205
1320688948891
2643600193086
18676748825953
14901412871175
11246906303176
12992587604309
13335670446049
17350438821670
3557178086820
11960922342709...