5000
999999999999994955
991743462492809453
387119871998715609
399907110791986765
6247
386719111074799537
923621667851614978
751334938232115763
398671875999948017
999999999999996986
999999999999981309
395999871479559577
399919999199959933
10583
318750759999198769
682102272000317550
5326
359879598799986817
16321
399918719867991177
399199590791598813
275115119078791097
271999187159999217
283569479941879912
359875551998799537
391950791595599217
847132751757666247
999999999999980894...