1000 22927664
22287723 4
15699580 4
3493909 4
16816815 4
8099168 4
14625054 4
8254529 4
9146844 4
13376781 4
21785379 4
3884672 4
16018320 4
22137913 4
5663492 4
8339340 4
14480693 4
14209359 4
6599163 4
5858493 4
20785219 4
12970198 4
12033039 4
17007933 4
18567316 4
9688729 4
246140 4
11888980 4
4301058 4
2317103 4
5406808 4
16125548 4
21899715 4
14189026 4
21280334 4
7664509 4
18935747 4
18188988 4
10356885 4
17150177 4
13462058 4
191636 4
4211577 4
21084353 4...