32663 44496979
38565092 2
20155375 2
6453571 1
27357440 1
5433659 2
35711530 1
28421222 1
30802581 1
11919791 1
31582224 1
12275876 1
4968568 2
10628922 1
31909611 1
31142807 1
24871485 2
29307551 2
9103038 2
28552267 1
30685612 2
41257852 1
41166012 1
36201865 2
7489222 1
290201 1
42785115 1
15051079 1
36558653 1
34060662 2
35838389 1
15027489 2
24485474 2
35806243 1
37447848 2
21733716 1
34105743 2
19809121 2
13152659 1
7825417 1
20125184 2
14134774 1
22280034 2...