100000 5 400000001
1 100000000 100000000 100000000 100000000
1 100000000 100000000 100000000 100000000
1 100000000 100000000 100000000 100000000
1 100000000 100000000 100000000 100000000
1 100000000 100000000 100000000 100000000
1 100000000 100000000 100000000 100000000
1 100000000 100000000 100000000 100000000
1 100000000 100000000 100000000 100000000
1 100000000 100000000 100000000 100000000
1 100000000 100000000 100000000 100000000
1 100000000 100000000 100000000 100000000
1 100000000 100000...