100000 5 500000000
100000000 100000000 100000000 100000000 100000000
100000000 100000000 100000000 100000000 100000000
100000000 100000000 100000000 100000000 100000000
100000000 100000000 100000000 100000000 100000000
100000000 100000000 100000000 100000000 100000000
100000000 100000000 100000000 100000000 100000000
100000000 100000000 100000000 100000000 100000000
100000000 100000000 100000000 100000000 100000000
100000000 100000000 100000000 100000000 100000000
100000000 100000000 100000000 10...