10000 5 499907743
54064763 16816685 57286985 43979295 37207480
28107611 55129734 85006476 43956342 27256391
46790278 14267096 67194907 73549362 14888947
51286983 83165192 89226615 66107158 72481995
58155572 31448835 55303209 79102551 91192493
93461366 76390253 39891003 89908474 32364777
15798538 80765786 75837402 41045265 89055715
12938046 41536181 48135300 81579156 77187103
52233512 51328748 39383148 69271811 89864923
3228432 88121042 67008440 5907625 9641029
24631617 8795385 33754180 36254521 ...