10000 5 499931644
76914865 91430140 38813032 96338255 79384845
27729396 38926126 96625549 25641708 1498355
95497986 86906523 94619338 94024077 90183569
23410894 8390803 44733811 16791825 24738130
37262323 37052063 86631598 35228400 5465520
31250745 74488338 54962860 29189407 41843110
57267945 2827186 83817245 26015242 2024895
19586184 38956462 78286104 50656118 35037500
70105210 47034649 5251017 70841061 27774756
47842875 75914087 48125722 60886045 30550218
89098439 46781423 25042400 3108776 446...