100000 5 499993409
73068747 80181902 86729221 77110574 1913142
64577293 31810454 34647579 17627379 8033557
51744699 33339751 19301171 97681690 28062529
916545 40491312 22298578 5991891 69671519
34206507 92396245 94126935 74239208 66871810
48956886 10580227 83594197 42442353 89136635
62964106 35326351 81655842 23500644 96265831
3863308 86705961 79712087 67145937 73485122
28107804 56966015 22266709 40302423 91697042
85038644 32251495 16647693 7314350 82212363
65400571 92883509 13481189 43953103 31...