500000
180672 280671
441916 541915
448663 548662
58156 158155
284466 384465
194984 294983
43177 143176
97978 197977
316991 416990
170750 270749
288342 388341
177043 277042
433662 533661
463188 563187
402100 502099
166283 266282
350670 450669
107980 207979
417005 517004
358904 458903
161700 261699
267467 367466
37768 137767
492699 592698
459117 559116
365075 465074
168596 268595
396599 496598
5028 105027
445252 545251
182591 282590
412427 512426
408912 508911
340612 440611...