77777 77777
0 0 1
1 1 1
1 1 1
62063 2
15551 1
59543 1
18193 1
64414 3
41203 3
9107 2
13200 3
64302 2
75481 0
32747 0
53812 3
64486 1
8390 3
15478 3
9248 0
9571 3
63228 0
31232 2
49508 2
42415 3
17762 2
23854 3
50350 0
62615 0
18836 0
70879 1
58801 0
38909 1
5695 0
6774 3
36112 3
48578 0
23601 2
22291 1
46817 2
18455 2
34794 0
75457 2
10850 1
3008 2
29438 1
30038 2
5904 0
39525 2
28460 2
36515 0
27323 1
15556 3
70775 3
26498 0
34606 0
22787 1
62148 0...