773567735
589032081
618321619
640141421
555982956
555982956
558248068
746887445
762332611
259547067
23673681
213194307
178645593
0
0
0
0
0
0
0
0
0
0
0
0
0
0
0
0
0
0
0
0
0
276453963
351410580
0
0
0
0
0
0
0
0
0
0
0
0
0
0
0
0
0
0
0
0
0
0
0
0
0
0
0
0
0
0
0
0
103568778
51784389
0
0
0
0
0
0
0
0
0
0
0
0
0
0
0
0
0
0
0
0
0
0
0
0
0
0
0
0
0
0
0
0
0
0
0
0
0
0
0
0
0
0
0
0
0
0
0
0
0
0
0
0
0
0
0
0...