5
4
3
4
3
11
3
3
4
3
6
5
5
4
4
4
5
4
4
3
9
3
6
4
3
4
3
3
13
4
3
4
3
6
10
4
3
4
3
3
5
12
4
3
9
3
3
9
3
9
5
3
4
3
3
3
4
3
3
3
5
3
3
5
3
4
4
4
3
3
5
3
5
8
4
3
3
4
3
16
4
6
14
7
4
3
4
3
4
3
3
3
10
4
3
4
7
3
3
3
3
4
3
7
3
4
3
3
5
4
5
6
5
3
7
3
4
3
5
4
3
7
3
3
3
4
10
3
4
3
10
3
5
4
5
4
3
3
3
4
6
3
10
3
3
6
3
3
7
3
6
4
11
6
5
6
5
4
9
4
4
4
4
4
3
4
9...