5
4
3
3
3
4
6
3
4
4
4
6
4
4
4
4
5
3
6
3
4
4
6
3
3
3
3
5
6
5
4
4
4
3
4
5
5
3
3
22
4
3
3
3
4
4
4
6
4
3
3
13
4
4
4
5
4
3
3
3
8
4
3
5
4
4
4
3
4
5
4
4
3
5
4
5
8
4
4
5
4
3
6
3
5
4
4
4
3
7
3
4
3
4
4
7
8
3
3
4
3
4
3
4
4
4
4
4
4
7
12
3
19
3
4
4
6
3
3
3
5
4
4
3
4
3
3
3
4
3
5
5
3
3
3
7
3
3
10
5
3
4
3
4
4
5
3
5
3
3
6
9
6
6
3
5
5
5
4
3
7
4
3
6
4
3
4
3
5...