50680 86895
34405 42475
38673 41332
516 50578
13520 13521
7933 7934
973 974
18638 18639
25467 44703
6824 6825
4681 49531
3772 3773
7907 48793
15069 47096
34382 34383
40054 40055
3459 3460
38749 38750
31654 43156
17937 17938
37912 40804
37144 37145
44142 44146
13490 13491
22770 45294
29683 29684
14275 47271
30471 30472
29916 29917
18797 18798
40111 40992
19530 46081
10737 10738
34010 34011
5911 5912
39634 41090
48372 48374
17061 46647
25754 44638
3221 3222
6376 49143...