34 49
6 9
21 22
19 6
15 2
7 18
3 16
7 26
1 31
4 34
28 23
15 21
14 27
3 11
33 7
32 20
10 9
13 20
34 26
18 13
5 25
10 17
30 14
11 33
25 23
17 1
31 28
30 24
5 28
18 32
17 12
11 4
24 15
1 5
13 19
25 30
22 8
24 27
12 31
23 14
26 32
2 29
20 6
9 12
33 34
27 2
29 8
21 29
19 10
16 4
0 9
1 14
0 0
1 1
0 10
1 6
0 3
1 16
1 7
0 7
0 1
1 8
0 5
1 12
0 14
1 0
0 8
0 4
0 6
1 5
0 15
0 16
1 11
0 13
0 11
1 3
1 13
1 10
1 15
0 12
1 9
1 4
0 2
1 2
8...