93 90
63 40
41 31
34 91
87 5
20 55
27 56
80 27
12 19
2 8
66 47
91 15
52 86
62 18
24 44
93 26
33 37
43 46
68 2
35 70
37 71
46 30
59 78
50 51
79 39
85 92
67 21
90 51
7 63
67 14
22 10
38 86
14 84
58 80
53 58
15 49
16 72
24 28
6 23
48 17
1 9
20 87
6 74
42 75
29 36
35 88
61 25
88 17
3 81
22 44
41 52
28 10
42 65
69 55
76 9
36 68
90 73
49 83
89 57
16 75
11 89
56 53
31 38
45 32
13 50
40 61
92 54
39 76
66 74
25 7
32 30
79 1
13 73
64 12
45 43...