100 72
2 88
55 80
22 20
78 52
66 74
91 82
59 77
97 93
46 44
99 35
73 62
58 24
6 16
47 41
98 86
23 19
39 68
32 28
85 29
37 40
16 62
19 61
84 72
17 15
76 96
37 31
67 35
48 15
80 85
90 47
79 36
39 54
57 87
42 60
34 56
23 61
92 2
88 63
20 42
27 81
65 84
6 73
64 100
76 95
43 4
65 86
21 46
11 64
72 98
63 92
7 50
14 22
89 30
31 40
8 57
90 70
53 59
69 24
96 49
67 99
51 70
18 66
91 3
26 38
13 58
51 41
9 11
5 74
3 25
4 32
28 43
71 56