1 859
7 2
7 5
7 2
6 3
7 5
6 1
7 2
1 3
2 1
1 2
2 1
1 2
2 1
1 2
2 1
1 2
2 1
1 2
2 1
1 2
2 1
1 2
2 1
1 2
2 1
1 2
2 1
1 2
2 1
1 2
2 1
1 2
2 1
1 2
2 1
1 2
2 1
1 2
2 1
1 2
2 1
1 2
2 1
1 2
2 1
1 2
2 1
1 2
2 1
1 2
2 1
1 2
2 1
1 2
2 1
1 2
2 1
1 2
2 1
1 2
2 1
1 2
2 1
1 2
2 1
1 2
2 1
1 2
2 1
1 2
2 1
1 2
2 1
1 2
2 1
1 2
2 1
1 2
2 1
1 2
2 1
1 2
2 1
1 2
2 1
1 2
2 1
1 2
2 1
1 2
2 1
1 2
2 1
1 2
2 1
1 2
2 1
1 2
2 1
1 2
2 1...