1 789
5 1
2 6
4 1
5 6
2 1
4 6
5 1
2 6
3 1
4 6
5 1
1 2
2 1
1 2
2 1
1 2
2 1
1 2
2 1
1 2
2 1
1 2
2 1
1 2
2 1
1 2
2 1
1 2
2 1
1 2
2 1
1 2
2 1
1 2
2 1
1 2
2 1
1 2
2 1
1 2
2 1
1 2
2 1
1 2
2 1
1 2
2 1
1 2
2 1
1 2
2 1
1 2
2 1
1 2
2 1
1 2
2 1
1 2
2 1
1 2
2 1
1 2
2 1
1 2
2 1
1 2
2 1
1 2
2 1
1 2
2 1
1 2
2 1
1 2
2 1
1 2
2 1
1 2
2 1
1 2
2 1
1 2
2 1
1 2
2 1
1 2
2 1
1 2
2 1
1 2
2 1
1 2
2 1
1 2
2 1
1 2
2 1
1 2
2 1
1 2
2 1...