99990
30149 31620 31715
33783 34488 35484
25301 59106 67617
15416 32791 51984
47442 52695 57319
40666 43776 47115
8766 11255 63301
39102 39660 49077
42980 42985 42991
39165 59988 67601
38577 44613 50762
2162 27861 65509
13275 24388 47034
34531 39676 44137
57399 58455 62990
50285 52482 61726
47758 63259 64333
54068 58442 59852
3124 13578 20384
9877 34005 43937
47597 52467 63797
25671 57411 61567
17033 40102 41667
15477 43532 48074
3977 9123 22938
46605 48529 51075
856 43709 60743...