99995
202100 202372 257441
221271 238616 245199
239097 240107 266640
246319 248521 252135
201189 206543 220465
242604 252019 259932
229277 256433 285890
158979 203945 273749
249079 267851 273270
183235 205017 232441
226252 247480 252312
298635 299031 299042
161413 180494 189456
280368 285942 287033
183529 221030 225017
97078 207999 210082
249481 267874 291917
108495 169092 190983
130160 176870 203366
175675 184022 211218
267699 283337 287928
265892 266791 266974
191705 213058 225720...