116 37 200
1262023199110516918958445860471341266
5595310721070827732852745998599984972
3970128103550556595910729073117813211
4821314196132089190342527958981370813
8425747823186303952313428075778143912
4435459504609764055095455676594883842
8725732998284224875877946364071968342
0088570188570484685693738343236502441
8586979700561641562803670363150170185
4465462292935920377899388058167247358
8195497102130072790545719087992933242
9652158793309498671919148178642442692
9258744863768356411480249777141...