3 26 200
08563545331385418397980619
88529481001447348156340989
07092794154430791060375360
3 25
-2 23
-2 -24
0 4
1 -15
0 -20
3 10
1 -5
0 4
0 -24
66666666666666666666666666666666666666666666666666666666666666666666666666666666666666666666666666666666666666666666666666666666666666666666666666666666666666666666666666666666666666666666666666666666666666666666666666666666666666666666666666666666666666666666666666666666666666666666666666666666666666666666666666666666666666666666666666666666666666666...