2 7 92
2703505
1607209
-2 -7
2 -6
0 -3
1 -6
-2 5
-2 -1
2 -6
0 1
-2 -5
-1 -4
1
96
429
6152
194
062
11077
69234
927
97
74
7
907
6
1
43426
5
49
7341
2789
51068
3323
2
09
1
1543
29953
31882
1
718
850
0
5644
8
8
544
1509
14
0585
9
61658
80957
3427
354
87
45326
1
6
03
327
5
5077
01
15800
5
83548
7453
527
35812
34471
31
7
38261
7487
51
80330
190
135
20
393
68
19999
4
0575
17
88
55674
363
548
3415
17
95
0857
6
3002
9...