41
953341652 839
908244016 352
971587681 941
929221575 809
911221824 147
989907303 706
905171152 971
996984229 401
902998088 271
919330865 156
920111988 116
989781388 471
979902731 425
906653508 437
983677754 174
936513402 980
976794556 743
983406981 356
917989232 985
935772791 726
974750606 57
940043168 358
925299655 250
931976785 322
916557970 189
989239027 650
992633502 399
922447395 216
983752658 88
987419239 663
983861117 345
980255001 502
978078827 435
989540800 940...