52
281549482 468
808563370 418
563849186 428
533340972 417
76311147 502
604018612 419
513707946 189
435092712 108
865930902 436
655304223 226
942009337 508
885539235 171
376013997 916
599720689 369
370076127 743
307820790 673
228031823 249
336265811 438
339153805 554
728577946 786
911593533 217
846373775 598
240515156 457
803916136 829
122219096 455
187192077 308
971080354 993
921122647 396
546144671 1000
266477140 358
541794827 854
774908289 373
444229940 24
33520654 423...