99980
4192 2 0 23779
7063 2 2 23777
7993 2 4 23775
3327 3 6 23772
9962 1 9 23771
6988 2 20718 3061
5260 2 10 23769
9902 4 12 23765
3196 4 16 23761
9955 3 20 23758
3576 2 20 23759
7569 4 22 23755
6677 2 26 23753
183 1 28 23752
5933 2 5501 18278
3584 2 29 23750
870 1 16 23764
863 3 31 23747
5154 5 28 23748
8389 3 34 23744
5131 5 37 23739
4962 4 3088 20689
7008 3 42 23736
758 4 45 23732
6589 3 49 23729
7438 4 42 23735
8938 2 52 23727
14 4 54 23723
835 2 58 23721
6561 2 313 23466...