312.000 0.000
605.453 66.979
883.853 201.049
1137.166 403.060
1324.213 637.609
1466.093 932.226
1538.412 1249.077
1538.412 1570.077
1470.766 1866.455
1334.093 2150.261
1135.823 2398.883
897.364 2589.047
614.460 2725.287
309.308 2794.936
-13.692 2794.936
-321.770 2724.619
-615.486 2583.173
-852.380 2394.256
-1051.897 2144.070
-1189.438 1858.463
-1257.975 1558.185
-1257.975 1239.185
-1186.323 925.258
-1051.819 645.958
-863.525 409.845
-623.503 218.433
-347.806 85.665
27.516 0.000