32
96
172
51
38
24
155
63
128
34
99
47
64
96
31
85
111
25
87
341
60
125
28
144
67
710
60
219
106
99
214
29
152
34
189
130
79
48
36
261
403
140
80
32
65
55
131
148
31
68
49
259
99
68
78
88
53
249
69
51
68
74
34
122
27
1137
24
1303
30
85
43
29
217
264
41
61
130
45
66
27
7164
83
371
75
66
72
72
301
85
126
159
30
110
43
28
53
62
325
46
478
79
162
68
120
88
39
38
111
122561
54
130
281
27
47
112
61...