317
311
314
308
309
290
308
309
284
292
313
266
288
298
299
292
268
283
264
296
278
302
268
307
281
204
242
208
211
216
201
270
209
255
240
242
270
222
200
256
272
282
280
191
216
256
279
196
74
120
265
242
263
218
98
149
124
168
170
81
264
192
156
292
219
290
95
152
178
155
261
267
187
244
248
178
244
167
263
246
103
122
267
118
223
125
111
104
102
171
270
165
222
292
181
249
255
95
14
124
162
37
42
231...