1937
26393
8
50
50
2
50
1934
0
26388
26388
7990
0
26386
0
26386
372
0
1934
26385
26384
8
26383
63240
0
7989
50
7989
0
372
2
8
26377
26377
50
2
372
0
26376
63236
63236
50
26374
63236
26373
0
50
0
50
1931
0
1931
26369
26368
63234
26367
26366
26365
63233
0
49
372
49
372
372
63229
1931
0
0
2
63227
2
0
26362
7979
26361
8
7979
0
7979
26360
1930
63220
372
7977
2
0
1930
0
8
0
1930
0
8
1930
1930
7975
0
0
372
0
0
0...