7928
0
0
27
3
0
0
0
0
0
0
0
0
3
0
0
0
2
0
3
2
0
2
6
0
1
0
1
0
3
1
1
66
0
0
0
0
1
0
0
0
0
11
0
0
1
0
0
0
0
0
0
0
0
1
0
1
0
0
1
0
0
0
1
0
0
2
0
1
1
0
0
0
0
0
0
0
0
1
0
0
0
0
1
1
14
1
0
0
0
2
1
1
0
0
0
0
0
0
0
4
1
0
0
0
0
0
0
5
1
0
1
1
1
0
6
1
0
2
0
0
0
0
0
1
0
2
0
0
0
4
0
0
3
0
4
1
0
11
1
1
0
0
0
0
1
0
0
2
1
1
0
0
1
0
1
1
0
0
0
1
0
0
3
0
0
0
0...