33 10011
44 41 54 68 54 79 19 87 62 93 44 36 73 24 2 58 12 68 46 57 60 58 49 4 4 34 93 8 62 74 13 26 92
2 1
3 2
4 3
5 4
6 2
7 4
8 6
9 4
10 2
11 7
12 11
13 7
14 7
15 13
16 11
17 1
18 6
19 3
20 13
21 6
22 5
23 11
24 14
25 19
26 8
27 16
28 5
29 15
30 23
31 2
32 24
33 3
13 84
7 27
9 53
23 49
31 6
25 23
7 30
9 41
22 87
7 35
33 48
3 33
10 76
2 57
20 28
31 68
17 16
29 81
29 74
12 4
13 70
12 83
14 99
6 81
20 4
15 93
28 8
11 35
1 63
25 54
23 84
14 86...