-152458
-403382
-381111
-1602142
-1263872
-1100078
-2169462
-2615884
-65819
-1597127
-913603
-2258051
-2258051
-3188162
-2527238
-715839
-2999011
667598
-1792992
1865492
-1792992
-1883151
-2898165
-1026588
-2041886
-1930975
-1434444
-2338831
-2338831
-1999796
744738
2373393
-1430454
-1430454
-52681
-1430170
-1430454
-1969188
-956352
-852235
-957093
-957093
529746
3573091
1638629
-467623
-1286747
-192848
-250147
-1286747
-220197
-1286747
-1286747
-339255...