-2540993
-2540991
-2540991
-2540934
-2540991
122951
-3064246
-3789480
-3789480
-3244280
-3244280
-3788025
-3789480
-3244280
-3789480
-77826
-1471269
-3625761
-4209457
-4209457
-4044314
-4872364
-4361915
-774625
-3331975
-5011332
-5011332
-2345007
18165
-6525257
-6525257
-6065172
-7185390
-3030960
-6219914
-7076775
-7855520
-6752094
-7728007
-7648367
-7338859
-6123310
-5385890
-7797474
-7797474
-4245978
-7797474
-7797474
-7769884
-7769884
-7769884
-7769884...