3419
249 1
1 249
249 1
2 1
4 1
6 1
7 1
8 1
9 1
12 1
16 1
18 1
19 1
20 1
23 1
26 1
30 1
31 1
32 1
33 1
34 1
37 1
38 1
39 1
41 1
42 1
47 1
48 1
51 1
54 1
55 1
57 1
63 1
65 1
69 1
70 1
73 1
77 1
79 1
81 1
82 1
83 1
86 1
88 1
89 1
92 1
93 1
96 1
97 1
98 1
99 1
102 1
103 1
104 1
105 1
106 1
107 1
110 1
112 1
116 1
117 1
118 1
119 1
124 1
125 1
134 1
135 1
137 1
140 1
144 1
145 1
147 1
148 1
149 1
150 1
151 1
153 1
154 1
155 1
159 1...