487
28 1
1 28
28 1
2 1
4 1
7 1
9 1
10 1
11 1
12 1
13 1
14 1
16 1
17 1
18 1
21 1
23 1
25 1
28 2
2 28
28 2
1 2
3 2
4 2
6 2
9 2
11 2
12 2
15 2
18 2
19 2
20 2
22 2
23 2
25 2
27 2
28 2
28 3
3 28
28 3
2 3
5 3
6 3
7 3
10 3
11 3
12 3
14 3
16 3
17 3
18 3
20 3
22 3
23 3
25 3
26 3
28 3
30 4
4 30
30 4
2 4
3 4
5 4
11 4
13 4
14 4
15 4
16 4
17 4
20 4
21 4
22 4
23 4
26 4
29 4
30 5
5 30
30 5
1 5
4 5
7 5
8 5
9 5
10 5
11 5
12 5
13 5
16 5...