70000 100000
2 17468
9 2065
9 58075
12 68068
13 6496
15 19397
20 21797
24 15470
26 13829
27 59459
28 40278
30 52231
31 44172
31 66800
33 8523
34 6533
34 17802
37 12592
37 18987
38 33530
40 11660
44 25706
44 30510
47 35485
49 54490
50 64843
50 65510
53 29812
54 2487
54 36105
55 36716
56 10869
57 34371
58 48728
60 22328
75 51166
78 44936
86 14005
87 23128
91 57058
94 3385
94 11463
97 16481
106 59552
108 23323
108 53904
108 64972
109 59498
110 26191
112 20896...