40
11 9 40 25 19 28 7 39 24 30 17 34 16 22 38 10 5 21 8 14 13 37 27 31 23 6 3 15 1 35 20 26 36 4 12 18 33 29 2
533117 380786 988325 941647 462888 416705 575180 831858 718339 731937 590135 92037 23500 686265 325670 954563 361707 743793 388675 206388 318786 507834 840776 853948 155716 828838 746787 879468 841276 835153 173196 626933 607847 729105 405858 871438 334317 644686 603636 250274
16
P 32 1
P 20 1
P 8 30
P 7 30
P 28 11
P 3 11
P 9 2
P 39 2
P 29 40
P 15 40
P 22 4
P 13 4
P 34 35
P 36 35...