45
1 2 2 3 3 4 4 5 5 6 6 7 7 8 8 9 9 10 10 11 11 12 12 13 13 14 14 15 15 16 16 17 17 18 18 19 19 20 20 21 21 22 22 23
45368 37084 358349 715697 284387 901308 242357 950268 403581 379830 328642 449992 396943 57415 356092 416330 721951 330227 291647 223800 850543 646059 416657 569317 825002 916045 831656 836724 41889 224788 404087 982669 839150 977895 416146 487722 243688 828223 548760 171107 30976 343837 920911 715499 728865
30
P 33 34
P 35 36
P 29 30
P 37 38
P 45 2
P 39 40
P 25 26
P 43 44
P 27 ...