7246 7309 80
6046 6000 5056
448 6407 11
1965 1741 181
6000 2317 100681
2093 1208 162
6000 5499 100327
2292 2179 234
4982 4036 103
6000 1971 100764
6000 2406 100625
6000 7005 100337
6000 6819 100628
1648 6431 171
6000 5226 100569
6000 2294 100277
228 3144 300
6000 3642 100318
6716 2800 280
6000 619 100225
6000 3228 100556
4114 4197 116
6000 1966 100048
6000 4380 100961
6000 774 100560
6000 525 100107
5535 6113 290
6000 629 100411
6000 6475 100237
3401 4606 140
6000 3396 100652...