2204 3062 85
1431 427 2025
770 2002 326
964 2177 210
672 1000 85
427 713 100886
427 781 100277
2137 2076 254
1428 1567 339
1630 1058 237
427 1801 100537
427 1288 100130
1016 776 307
1332 2046 396
409 2090 282
763 711 109
146 38 395
427 754 100998
427 1007 100044
335 1735 232
591 562 232
427 1901 100813
1574 1676 189
707 801 329
427 97 100098
771 723 134
427 921 100271
702 2199 317
2139 689 398
427 877 100965
188 60 457
427 71 100944
1308 169 72
463 1442 408
427 257 100086...