8431 8440 51
2708 4097 3042
4097 3048 100304
8207 3481 346856241
4097 7813 100312
2468 4180 221282566
4097 1534 100186
638 3502 150708070
7875 4644 44786300
4097 8363 100254
4097 7007 100876
4097 7589 100205
368 327 382291567
7731 5542 431246583
4097 319 100182
4833 3353 414184073
2802 4289 102247703
4097 4648 100827
3461 8232 353290861
1239 5550 541417704
6862 1199 18478396
4162 3009 621346247
4097 8273 100603
4097 4819 100203
4097 45 100699
8320 224 507688147
1742 6266 35353437...