100000
1 54897
2 1 1
1 63827
1 44869
1 86099
2 1 5
1 2041
1 92555
2 1 12
1 10722
1 11324
1 93048
1 94333
1 42128
1 78637
1 79639
1 92989
2 15 2
2 39 1
1 38091
1 91890
1 64069
1 15253
2 54 1
1 6912
1 54169
2 4 40
1 17652
1 49122
2 128 2
2 58 9
2 633 1
2 889 1
1 12273
1 30936
1 96206
1 1645
1 5867
1 10348
2 2610 1
1 11875
1 68364
1 66421
1 20709
1 63455
1 8260
1 6341
2 1725 3
1 91439
1 70072
2 5646 1
1 77609
2 14623 1
1 65974
1 90998
1 32486
2 12313 2...