100000
1 88209
2 1 1
1 82267
1 83375
1 68335
2 3 1
1 14795
2 3 3
1 35349
1 54823
1 41984
1 44150
1 70150
1 46028
2 7 3
1 69255
1 97596
2 34 1
1 24448
2 26 3
2 35 4
1 28635
1 55198
1 583
1 56806
1 96106
1 43733
2 255 1
2 326 1
1 47719
1 17091
1 61105
1 41492
1 55387
1 95552
2 431 2
1 2996
1 87260
1 76212
2 789 2
2 1883 1
1 91068
2 1397 3
1 28082
2 8091 1
1 91939
2 1122 15
1 68420
1 96255
1 79482
1 58313
1 82648
1 17495
1 71287
1 47855
1 94402
1 26643...