11 11 121 120
...........
...........
...........
...........
...........
...........
...........
...........
...........
...........
...........
4 4 6316
4 4 8122
9 1 2166
11 1 7980
9 10 1093
9 6 1416
1 4 5384
2 7 4272
3 1 7240
2 8 5505
8 11 1334
8 9 4498
5 11 7689
8 4 3936
9 10 4128
4 10 2900
3 6 9249
4 6 1909
7 10 9982
10 11 4898
1 4 5044
2 10 2726
9 11 5777
6 10 3387
3 6 8600
6 7 114
6 1 8388
10 2 8870
5 8 871
3 5 4662
10 6 5597
4 10 4296
8 11 6746
5 9 7981...