11 11 121 120
...........
...........
...........
...........
...........
...........
...........
...........
...........
...........
...........
9 6 35
4 4 539
5 5 665
1 4 849
6 8 118
9 3 42
1 3 14
6 4 499
11 1 982
1 9 540
7 1 662
5 4 333
11 11 669
10 10 947
9 6 305
5 10 964
5 3 710
5 11 318
9 10 242
7 10 269
3 11 650
5 7 276
5 11 271
2 3 657
9 3 277
4 7 999
10 6 766
5 2 543
8 5 127
4 10 368
1 6 791
11 5 760
3 10 721
9 5 806
6 11 59
7 5 981
5 6 473
4 9 336...