171
10
180
9
10
10
161
152
172
9
8
12
10
167
12
174
154
169
161
174
172
12
168
12
164
10
170
172
169
7
7
162
172
158
14
165
160
168
159
182
163
11
167
15
13
7
178
12
161
165
165
162
162
156
176
161
157
12
8
175
10
155
11
150
11
11
7
184
180
11
9
163
157
9
177
10
173
11
155
11
11
12
151
174
11
175
12
154
165
165
8
10
12
9
169
175
12
11
11
10
169
10
7
12
11
152
11
12
173
8
163
8
11
10
143
11
8...