15
12
212
206
15
235
12
14
194
204
219
207
12
11
207
10
217
204
14
204
251
203
15
14
227
226
15
14
15
230
16
13
203
14
207
219
235
14
227
208
227
220
216
223
199
12
240
16
216
12
218
202
11
12
214
208
231
13
14
14
18
17
13
14
231
13
217
8
223
223
197
226
14
11
206
15
197
188
201
17
16
210
220
210
14
204
14
14
232
13
228
12
12
203
204
14
11
12
228
13
210
11
199
12
16
202
213
15
209
217
198
14
244...