98
95
97
97
94
96
94
96
93
89
94
96
98
99
94
104
100
1
94
94
7
95
2
99
96
94
96
93
98
95
99
92
93
98
92
3
97
94
2
94
96
95
97
97
97
99
92
5
94
90
95
94
93
93
3
96
89
96
97
95
91
97
90
99
2
97
96
96
98
96
91
96
95
96
94
97
99
96
98
96
96
94
93
94
92
95
97
95
95
94
94
94
94
96
97
91
97
94
98
94
2
95
94
94
95
97
97
94
96
94
95
96
99
94
98
91
94
98
94
5
95
97
1
93
93
95
94
98
93
100...