73
65
64
66
66
66
67
64
65
64
65
65
64
65
64
64
64
65
65
67
65
65
65
63
64
63
61
58
60
60
61
62
61
60
59
57
59
60
55
58
57
58
58
57
57
55
57
55
55
52
54
53
51
53
52
53
54
51
51
55
54
55
54
49
49
50
50
53
51
46
46
46
47
53
53
49
51
47
53
55
56
51
55
55
51
54
52
55
52
55
58
55
55
58
57
57
54
54
54
52
52
52
54
56
56
56
53
57
59
57
59
57
53
53
51
56
54
53
55
56
53
55
54
51
52
55
53
49...