44
45
45
46
45
50
48
50
47
47
48
45
49
50
49
50
48
48
49
50
48
48
48
47
46
47
47
47
48
49
45
49
51
49
49
50
51
49
48
48
47
48
49
46
49
47
47
50
45
49
48
49
50
50
49
48
50
50
46
43
44
46
48
46
47
44
48
48
50
51
49
49
50
48
44
48
46
48
46
46
46
49
49
49
51
50
50
49
47
50
49
53
52
55
53
48
50
49
47
45
45
45
45
41
38
39
40
37
40
38
40
40
40
41
46
47
44
44
43
43
43
46
46
43
43
44
42
46...