61
61
63
63
62
63
62
63
65
63
64
62
62
64
64
64
62
63
62
63
63
60
58
57
56
56
55
55
54
55
54
55
54
54
51
53
50
49
50
51
49
50
48
50
48
50
51
53
52
51
52
51
50
51
49
49
51
51
50
51
52
53
54
55
53
53
53
55
54
53
55
57
58
58
58
58
55
50
50
51
51
47
54
52
54
50
51
51
52
52
53
52
52
51
52
51
52
52
51
52
50
50
50
48
47
48
48
50
49
47
49
49
46
46
48
50
51
52
53
48
50
49
49
50
51
51
51
50...