34
2710
2710
2812
2812
2752
2752
2710
28
2761
2752
2710
2710
2811
2762
2752
25
2710
2761
2761
36
27
2711
2711
2750
2711
2766
2711
2810
2810
2751
2766
2711
23
2810
2750
2761
2750
2766
2750
2761
2765
36
2809
31
2711
2765
2711
2765
32
2750
2765
2809
2809
2760
43
2751
2750
2711
2760
2750
30
2750
41
2711
2751
2760
2760
36
22
28
2710
2751
2751
2811
2765
2710
32
2764
2765
2751
2760
2759
2764
32
2761
2752
2712
2810
28
24
30...