1
1
5
6
4
1
8
9
3
6
7
7
4
9
7
6
12
7
5
4
8
5
6
7
3
5
2
5
9
7
4
5
1
9
4
1
5
7
6
10
6
1
3
11
2
4
5
5
4
5
6
6
7
2
5
2
10
3
7
4
3
7
6
9
9
8
8
13
3
5
5
8
4
6
7
6
10
3
3
8
8
2
6
7
4
7
5
6
6
9
5
8
8
6
6
7
8
5
8
8
4
4
3
1
4
6
4
2
7
4
2
6
4
4
9
3
4
7
9
2
2
3
4
7
7
4
1
3
4
11
2
1
4
9
1
4
8
4
4
7
6
4
1
4
4
4
5
6
4
5
6
3
7
4
4
6
3
7
5
7
2
7
2
4
8
8
12
2...