6
0
4
22754
0
7
2
1
22779
5
1
7
22755
22779
1
5
1
0
4
0
2
22755
22755
4
5
1
0
22755
0
22778
2
22755
1
0
1
22756
22756
22756
0
22778
2
22778
4
1
22778
0
4
22756
22778
1
22756
22778
1
22756
22756
22778
22778
4
1
1
22756
22756
0
22778
22756
22756
22756
0
22777
22777
22756
1
4
22777
22756
22756
22756
22777
22756
1
22756
3
22777
22777
22756
22756
22756
0
22777
22756
22756
22756
22756
0
22756
1
22777
22756
4
22756...