5
6
4
4
7
3
5
6
7
3
3
3
3
8
4
3
3
6
3
9
2
6
6
4
6
4
4
4
4
7
5
8
4
5
2
2
1
6
3
2
5
3
6
4
3
3
4
0
5
3
1
1
4
4
6
4
7
4
6
5
3
4
3
3
6
4
4
5
1
2
6
3
5
6
8
2
8
7
3
6
5
5
4
3
5
6
4
8
4
3
5
3
4
0
2
5
1
2
3
4
1
2
4
1
6
6
1
3
5
4
6
6
1
2
5
5
6
2
4
4
4
1
4
6
2
5
4
4
7
7
1
4
6
7
5
1
2
6
6
7
10
7
5
8
4
8
4
5
2
9
7
11
4
8
5
6
9
4
5
3
7
4
7
5
6
2
6
2
1
4...