26388151
65
125 835
19 497
25 520
821 93
78 869
882 989
501 676
579 70
94 421
149 799
516 577
278 719
733 561
13 665
597 705
683 315
71 480
792 98
544 127
730 345
497 787
880 730
570 941
749 256
391 533
202 820
755 681
116 956
219 243
352 28
47 482
752 535
224 870
97 806
483 220
216 677
432 615
588 394
120 264
533 997
268 563
655 547
328 367
757 661
52 427
760 153
816 343
485 734
74 768
797 837
857 928
664 521
843 766
34 112
301 519
827 955
794 487...