1000
263201 951955
603947 952867
308089 951529
611119 952491
189095 952874
725386 951317
813812 950714
463629 952843
510767 951061
50956 951370
947502 949939
65778 951327
581234 952459
307246 951651
541161 951983
978700 952169
609484 950783
989022 952101
416873 950549
974168 952033
275835 952665
55484 950726
71925 952374
243626 951304
102302 952818
896409 950627
830037 952302
157091 950287
211318 951043
618106 950995
744853 952805
453944 950144
939175 949883
493781 951294...