49999
541967971 6046235
505694732 11692148
453579924 4534657
241541394 24081426
166124474 19763913
823751089 18519830
340920428 24270344
658804590 3135253
208612546 17036355
189794248 13994083
812346100 24193123
501320630 11172593
299949276 17438580
286978357 14997444
153539374 3128395
498001596 8501155
666488257 2069381
888896292 663482
123144515 25050014
387936929 8560493
667246706 9392175
372479779 4584329
532984557 7691201
607593021 8296112
545450402 6250782
151506016 6678304...