50135737795148
99999
64103 64103
23327 23327
99146 99146
34921 34921
21564 21564
4764 4764
94524 94524
28604 28604
13060 13060
92958 92958
18376 18376
60840 60840
8346 8346
53325 53325
25521 25521
4709 4709
40115 40115
85274 85274
13029 13029
88611 88611
54011 54011
24724 24724
41233 41233
237 237
5026 5026
70362 70362
77161 77161
31 31
13532 13532
20780 20780
36469 36469
95133 95133
72455 72455
17715 17715
85800 85800
61904 61904
60063 60063
85906 85906
59387 59387...