2
798759963 3
72458514 2
100000
454811755 2
996320395 3
429880686 3
420188555 2
400107825 2
517857921 3
584908557 3
671330060 2
695685174 2
89565250 2
646234874 2
39979511 2
813130239 3
844514807 2
959628679 2
182199625 3
926164652 2
449596779 3
626226342 2
890523546 2
243170818 3
759816201 3
146046442 2
128217382 3
65850721 3
243092698 2
614460549 2
597152199 2
281055181 2
949481610 3
916798795 3
85266680 2
412132841 3
21258082 3
347298477 3
456373715 2
251452406 2...