100
10666649 666666
18666635 666666
25333290 666666
30666613 666666
57333234 666666
35999937 666666
65333220 666666
42666592 666666
41333262 666666
51999910 666666
29333282 666666
15999973 666666
62666557 666666
62666558 666666
15999972 666666
58666564 666666
35999938 666666
26666621 666666
5333324 666666
51999909 666666
13333311 666666
10666648 666666
27999951 666666
38666600 666666
53333240 666666
7999986 666666
22666628 666666
23999958 666666
3999993 666666
13333310 666666...