100
53366965 69903
33333301 833333
56666610 833333
31666636 833333
49999950 833333
38333296 833333
56576485 73326
39999961 833333
26666640 833333
8333325 833333
78186608 45191
38682341 82777
19311949 80355
47407037 70007
97161442 81661
44999956 833333
76641794 7621
4999995 833333
64999936 833333
18333315 833333
51666615 833333
31666635 833333
24999976 833333
28333305 833333
44999955 833333
1 833333
3333331 833333
19999981 833333
38333295 833333
16822302 49658
14999986 833333...