3000
2903 1715
2903 1801
2903 2866
2903 207
1801 1437
2903 1965
1437 2644
1437 728
1715 2542
2542 2792
2644 1525
2792 395
1801 1974
2644 712
1965 79
1281 1437
2866 1912
1715 2370
2264 712
2644 1363
1363 2777
712 1014
1974 2679
1965 738
1916 1912
207 409
577 1715
2777 2170
409 420
2264 2432
2777 331
2644 2602
2170 2035
2035 1669
1715 2023
2264 1446
207 2796
2796 1206
738 2204
728 953
2644 1295
2777 1339
712 1269
1437 1379
2866 340
2644 838
1363 2999
1295 2077...