34 21
-10 -896 -139
-6 -868 -717
-7 -128 456
-7 466 -422
7 -788 -477
0 -287 -714
-6 -264 -576
-5 659 -82
-1 246 -678
-4 -517 -480
-10 329 523
7 429 377
-4 -617 -115
4 -572 -813
5 -150 304
-3 -893 -531
4 -194 -680
-6 817 133
-5 -948 853
0 -805 -556
2 -639 -252
7 255 305
1 -37 -865
-5 718 -630
-10 -860 -653
-1 946 -601
-6 776 883
0 -662 -801
-9 -338 345
-1 861 760
-2 -754 647
8 394 -916
8 -766 963
7 -582 231
-46 13
-14 29
34 37
1 37
-4 45
-28 16
-28 15
-65 50
-8 50...