37 48
-7 972 365
-3 977 463
-4 965 413
-2 983 409
-1 976 428
-7 983 449
-4 976 424
-6 979 403
-3 975 384
-1 970 378
-3 965 396
-5 974 448
-6 978 407
-4 981 453
-2 977 371
-2 979 372
-4 975 445
-6 983 407
-7 975 382
-3 964 463
-4 978 421
-2 977 439
-5 972 424
-5 972 403
-3 977 450
-4 968 427
-2 974 384
-6 978 389
-1 982 465
-5 974 409
-3 983 431
-6 980 375
-1 964 377
-7 983 447
-1 975 456
-2 970 389
-7 983 376
-71 40
-53 75
-13 8
-73 -16
40 46
-74 40
39 91
34 92...