199999 9999999999999963
1 0
2 502
3 1001
4 1502
5 1999
6 2502
7 3002
8 3498
9 4001
10 4498
11 5001
12 5498
13 6002
14 6502
15 7002
16 7499
17 8001
18 8502
19 9002
20 9498
21 10002
22 10500
23 10998
24 11501
25 12000
26 12499
27 12999
28 13500
29 14001
30 14502
31 14998
32 15500
33 16000
34 16500
35 16998
36 17498
37 17999
38 18498
39 18999
40 19501
41 20002
42 20498
43 21000
44 21499
45 21999
46 22498
47 22998
48 23499
49 24001
50 24502
51 24999
52 25500...