199823 8082839583260250
97389234 34726913
60070995 41569768
35819494 19004651
400405 34446707
37655726 88932648
5054368 29680836
68878113 68875779
31687922 93163958
43863226 28502263
42717583 85751415
38351764 13520883
94959036 3547333
91587501 43247767
90090175 28155954
39852835 17836404
68422945 89235808
57711737 6700880
74078443 32340805
47541203 60499551
10668268 46420584
38747957 1253002
98016752 57301281
50561223 36358059
76505866 35832540
16375315 23953359
17030347 9785430...