199769 2610303709018423
542921 98824670
465632 21392782
26470 90221347
878617 95262825
117079 26895172
217937 83489519
179742 20232033
753516 99386571
638161 2464062
828160 34572138
534295 78793602
288084 78100795
113128 81835250
137252 87984109
782096 12221370
541978 71872435
684588 20433571
488022 4815747
338218 34538845
710439 36223570
478413 6410423
612560 70622809
10855 12689889
883715 71802451
843101 37296816
89704 67638204
190630 94757338
968727 65822995
802891 81341493...