1000000 100000 874488
24 25
43 44
69 70
109 110
120 121
124 125
127 128
133 134
140 141
145 146
150 151
187 188
201 202
207 208
213 214
227 228
239 240
266 267
309 310
316 317
355 356
378 379
382 383
395 396
398 399
427 428
450 451
479 480
497 498
501 502
502 503
505 506
508 509
516 517
541 542
553 554
575 576
589 590
607 608
610 611
614 615
625 626
626 627
633 634
636 637
640 641
648 649
715 716
725 726
733 734
743 744
781 782
814 815
835 836
837 838...