77527 9185 27769
19262 47032
19267 47037
19269 47039
19276 47046
19278 47048
19284 47054
19285 47055
19286 47056
19287 47057
19291 47061
19295 47065
19302 47072
19304 47074
19308 47078
19314 47084
19316 47086
19321 47091
19322 47092
19326 47096
19328 47098
19329 47099
19332 47102
19333 47103
19337 47107
19338 47108
19339 47109
19340 47110
19341 47111
19346 47116
19348 47118
19351 47121
19353 47123
19357 47127
19361 47131
19363 47133
19364 47134
19367 47137
19374 47144...