190000
190000
190000
190000
190000
190000
190000
190000
190000
190000
190000
190000
190000
190000
190000
190000
190000
190000
190000
190000
190000
190000
190000
190000
190000
190000
190000
190000
190000
190000
190000
190000
190000
190000
190000
190000
190000
190000
190000
190000
190000
190000
190000
190000
190000
190000
190000
190000
190000
190000
190000
190000
190000
190000
190000
190000
190000
190000
190000
190000
190000
190000
190000
190000...