1236
6
250
3
162
1863
125
52
77
3569
294
48
7
21
12
27
888
890
1369
3
198
2434
1
265
85
1082
130
1366
72
2452
2455
355
41
60
128
42
3333
463
2265
3927
2708
9
113
2244
11
1700
848
1015
1568
85
362
1290
728
597
375
323
272
56
3
565
1944
198
211
664
452
411
610
712
663
192
975
1173
2512
1216
4652
967
858
413
648
418
20
377
1830
707
4
40
57
1114
560
111
1748
555
197
620
1096
176
591
1822
1412
65
2213
1117
166...