200000
-41094203 764132132
-697206261 -498113009
-450774326 965154534
-631727384 -84445480
-924684822 619276131
-886920481 187404865
-550339473 447906043
-79609821 829354886
-636217647 907321538
-841861247 21359597
-700346130 -129482997
-984821619 -570355095
366297075 809881175
-856363277 977812891
-133817145 399979614
-971488624 618953704
-562963756 388997365
-342837064 477057337
-237017878 -183825058
-471377125 343589878
-838774101 862229445
-894983747 881271175
78263719 298328288...