200000
162640776 864965435
311786472 452511011
-811371536 641337932
-775778849 -691609584
-933005280 496044137
-130077142 -94484271
-323284751 70915415
-959528119 -295849498
-791393058 745764292
-85470384 162100396
-981506556 118300571
-163164239 821336056
550182288 591423250
-345091145 722600573
-875715527 519791575
-843936277 -680793881
-767165427 412149617
-525842612 941042709
-373960566 297897459
-586599541 271919697
353001673 508137622
-855211394 -780735307
-366645317 106925347...