24631
1033
105251
326
101754
79
7653
21939
117964
3104
60288
48432
106
56948
97077
1317
69261
107707
22324
36616
1196
265
11052
14749
1601
4392
38236
41875
17666
10627
66859
22847
39491
36059
2525
1
127199
7373
62564
3983
1746
22
6594
21337
54242
12458
2019
7208
1849
8774
58
58468
2555
44549
21080
0
154486
25871
52615
14535
14173
3591
207
3376
4244
5827
25999
6169
47835
105989
159053
25296
15996
14738
5811
253
12222
106408
10899...