10000
58
404
278
36
67
2
2
26
3
4
39
53
66
29
108
1261
72
2
4
1997
3
586
135
1417
15
23
16
46
16
4
46
3
28
185
1820
1
3
98
12
50
6
1214
1
2298
23
2
8
24
77
2144
99
677
1284
4
1143
2
845
43
965
186
49
15
3
854
27
279
1212
1280
4
11
1
522
8
119
4
1150
1
77
2
190
41
1796
2
488
131
679
77
3
15
8
925
56
110
754
103
10
174
3
750
618
747
25
1241
2
313
1264
269
122
2780
200
2013
13
9
215
10
9
20
3...