91929
45
40
81
57
22
9
87
88
69
60
38
74
34
7
60
84
81
46
55
67
23
2
17
61
4
1
11
41
50
39
2
44
61
49
4
62
30
64
43
2
13
57
50
40
15
61
65
81
80
52
49
60
88
82
89
75
13
38
13
76
9
39
84
48
21
69
8
11
9
23
4
82
20
63
92
69
56
42
33
31
47
92
92
81
13
8
43
45
74
26
59
69
52
66
78
43
30
26
73
78
81
64
90
42
28
78
83
70
59
7
11
20
36
39
30
31
29
74
1
53
70
69
84
79
60
58
68
10
24
56...