250000
5
5
7
2
6
5
2
2
6
2
2
6
2
6
5
1
3
3
6
5
1
2
6
1
1
6
3
3
1
3
5
3
4
4
1
1
1
2
2
6
5
1
2
6
2
1
2
5
2
7
5
1
4
2
5
4
2
7
2
3
5
2
2
6
7
1
5
3
4
7
2
4
5
2
3
5
2
3
5
5
1
6
1
3
6
6
2
4
1
5
3
1
2
1
7
6
7
5
4
7
6
3
4
6
4
5
7
3
3
3
5
5
1
1
4
5
3
2
4
1
2
1
3
7
5
2
1
6
6
1
5
2
2
4
4
5
6
1
2
4
4
7
1
7
5
5
3
3
6
3
3
3
5
7
6
6
4
1
6
5
3
5
5
5
5
7
5
3...