250000
250000
249999
249998
249997
249996
249995
249994
249993
249992
249991
249990
249989
249988
249987
249986
249985
249984
249983
249982
249981
249980
249979
249978
249977
249976
249975
249974
249973
249972
249971
249970
249969
249968
249967
249966
249965
249964
249963
249962
249961
249960
249959
249958
249957
249956
249955
249954
249953
249952
249951
249950
249949
249948
249947
249946
249945
249944
249943
249942
249941
249940
249939
249938...