-48931 -30715 -86594 -39862
544
75588 92761 3.32175 0.09323
17870 96474 1.29482 0.08200
82882 31823 0.65575 0.62336
31376 -22543 3.96254 1.26253
91421 -25029 4.35433 0.14187
-49591 86378 0.82892 0.29866
85321 37183 1.60564 0.41654
-64725 97158 1.60818 2.47716
-40647 -82151 6.27710 0.25361
-98077 -17121 0.32805 0.03227
-91882 -67012 5.05255 0.06863
97453 -15078 3.51447 0.03798
71008 87051 2.43144 0.13236
-84279 42990 0.44255 0.14728
16046 -35748 3.89133 0.27484
-58666 22036 2.19469 0.03612...