50
01000000000000000000000000001100000000100000000000
00000100001001000000000010000000101000010000001100
00111000000000000100010101000001000011001000100001
00000111111111111111000011110011101101011101001100
10000101111011110011101010010010101000010100001110
00111110001101001110010111100011101111011101101101
00011110001101001110010101100001001111001101101001
00000111111111111011001010110010101100010101001110
00000000000000000000000100000000000000000000000000
000000000000000000000000000010000100000...