YES
00011110000000000000000000000000000000000000000000
00000000000000000000111111111000000000000000000000
00000000000000000000000000000000000001111111111111
00000000000111111111111111111111111111111100000000
00000001111111111111111111111110000000000000000000
00000000000000000001111111111111111111111111111111
00000000000000000000000011111111111111111111111110
00000000011111111111111111111111111110000000000000
00000000000000000000000000000000000000000000001000
01110000000000000000000000000000000000...