50000
568886 4090523 405056529
1826968 272008 822831646
6460505 9913210 776479081
9577427 3219501 576339834
807059 5316430 714187273
6913800 4561146 529074088
914598 4530399 480606315
1775304 4222519 694262526
5218515 5522157 750745192
4388556 3652034 740864322
5083649 7778455 987076804
5330817 9725437 940272840
8084156 1080786 650115420
4232455 4381025 37179188
695767 2138763 287999988
342876 1105062 121012688
3509711 7471714 168301993
448556 3313430 215498129
4077985 9062796 135348984...