100000 17 29933
1 8187
1 1969
1 4670
1 3650
1 3441
1 4323
1 9245
1 5313
2 3015
2 5139
2 3395
2 5897
2 488
3 5161
3 1959
3 1314
3 8615
3 9055
4 8252
4 2669
4 5633
4 3893
4 9373
5 7857
5 903
5 7817
5 8380
5 5100
6 6970
6 3428
6 3860
6 3365
6 3585
7 5441
7 2170
7 5374
7 3228
7 4684
8 7497
8 2581
8 240
8 9502
8 5895
9 3424
9 6929
9 5586
9 756
9 9108
10 284
10 2811
10 6571
10 8485
10 6323
11 4750
11 2340
11 1762
11 8463
11 8139
12 703
12 8051
12 3237...