100000 600 81222411
1 8667
1 6347
2 49
2 3228
3 4875
3 1357
4 6006
4 9739
5 1526
5 6802
6 8956
6 6143
7 9356
7 1380
8 9923
8 3856
9 9794
9 3636
10 4148
10 7029
11 1780
11 9202
12 9838
12 3566
13 6108
13 3875
14 290
14 6097
15 4106
15 3903
16 9713
16 273
17 4341
17 2190
18 2938
18 6515
19 7831
19 4060
20 5958
20 3859
21 9452
21 1340
22 6722
22 6109
23 5574
23 8964
24 3026
24 2326
25 9617
25 5930
26 4374
26 7381
27 4889
27 3913
28 9482
28 4997
29 1236...