38
00000000000000000000000000010000000000
00000000000000000000000001000000000000
00000000000000010010000000000000010000
00000100000000000000000000001000000000
00000000001000000000000000000000000001
00010000000000000000100000000000000000
00000001000000000000001000000000000000
00000010000000000001000100000000000000
00000000000010000100000000000001000000
00000000000000000000000000000000000000
00001000000000000000000000000000000000
00000000000000000000000000000000000000
000000001000000000000000000...