41
01110011110011011001000000110100010101000
10000101001000010111100000100111001000001
10001100101100011100111111000000010000100
10000000001110010100010000000011000000001
00100010011110100011000100010000110101100
01100011000100011100000100010100100010101
10001100111101100000010000100000001001001
11000100101000111001111011010001010111101
10100011000000100001010101111110111100100
10001010001010000100000010000000000101010
01111011010000100101101001011101011000110
0011111000000001110010000001011000...