44
00000000000000000000000000000010000000000000
00000000000010000000000000010000000001010000
00001000000000000010000000000000000000000000
00000000000000000000000000000000100100000000
00100000000000000000000000000000000000000000
00000000000000000000000000000000000000000000
00000000111000000000000000000000000100000000
00000000000000000000000101100000010000000100
00000010000000000000000000000000000000000000
00000010000000100000000000101000000010000000
00000010000000100000000000000100000000001000
0...