48
000010010000001000000000000000000001000000010010
000000100000000001000000000000000001000000000000
000001000000000000000000100100000000000010000010
000000000000010000000000000100000000000000000000
100000000000000000001000000000000000000000000000
001000000010000001000100000100100000000000100000
010000001000100000000001000010001110100111000100
100000000100010010101001000011000000000000000000
000000100000000001000000111000000000100000000000
000000010000000010000000010000000000000000000000
0000010...