40
0010001100101000000010100011011000000111
0000100110011110000001010000010000010000
1001000010010000001000100000000001000010
0010001000110100000001000100000000000110
0100000100000100100100001101000000000000
0000000000001000010000000010000000000001
1001000101000000001000000000000001000010
1100101011011100100001000010010010110000
0110000100011011000010000000110000001100
0000001100001101010000001001100000011000
1001000000010000000000000000100000000000
0111000110100100000000100100001000110000
110...