39
000000000010110000100000010000010011000
000001000000010010100001011001001110000
000101011010100000000001000000100000010
001001011000001000010011010000000001010
000000100110010100100100100000010001000
011100000000000100010010010000001000000
000010001010000000000000000000010010000
001100000010110100110100001000010101000
001100100010010100001000010100000010100
000010000010011110000001000000110000010
101010111100010001000000001100001101001
000000000000010101000001001110000000000
101000010000001...