300
0 1
1 2
2 3
3 4
4 5
5 6
6 7
7 8
8 0
8 9
6 10
4 11
9 12
7 13
11 14
13 15
9 16
11 17
4 18
10 19
2 20
14 21
4 22
19 23
20 24
9 25
4 26
25 27
6 28
18 29
23 30
0 31
27 32
17 33
1 34
17 35
21 36
2 37
23 38
18 39
11 40
2 41
40 42
40 43
19 44
40 45
5 46
46 47
15 48
46 49
2 50
19 51
48 52
46 53
13 54
32 55
19 56
6 57
54 58
18 59
31 60
51 61
15 62
23 63
30 64
20 65
35 66
32 67
13 68
16 69
25 70
39 71
65 72
70 73
6 74
21 75
32 76
38 77...