300
0 1
1 2
2 3
3 4
4 5
5 6
6 7
7 8
8 9
9 10
10 11
11 12
12 13
13 14
14 15
15 16
16 17
17 18
18 19
19 20
20 21
21 22
22 23
23 24
24 0
4 25
19 26
23 27
0 28
5 29
25 30
28 31
19 32
23 33
16 34
1 35
11 36
18 37
17 38
30 39
4 40
14 41
17 42
5 43
3 44
9 45
1 46
9 47
33 48
17 49
45 50
35 51
19 52
40 53
15 54
22 55
41 56
47 57
23 58
21 59
30 60
40 61
3 62
12 63
30 64
36 65
25 66
15 67
14 68
55 69
51 70
67 71
70 72
70 73
62 74
31 75
1 76...