15 100
4 3
5 2
11 3
3 6
12 9
13 8
7 14
12 6
4 15
12 6
5 7
4 10
2 13
7 11
13 13
6 4
14 12
9 12
2 13
8 15
14 12
11 9
12 1
15 5
10 11
15 10
13 1
9 6
7 3
1 3
11 14
11 6
12 4
14 6
11 15
10 8
8 10
2 14
4 9
14 10
2 7
12 9
2 5
11 7
11 13
9 8
1 4
2 10
9 13
12 14
15 12
10 5
7 12
13 11
14 3
5 13
1 6
9 11
13 9
15 4
15 1
1 12
5 8
7 6
9 4
14 2
9 13
5 11
6 14
14 3
5 15
13 7
4 9
15 2
13 12
3 7
11 13
15 4
15 7
9 6
7 15
8 12
10 5
5 15
3 11...