946 6531
881 164 7996582
519 343 7781120
760 317 2320670
92 611 4284488
36 411 154198
383 740 5936621
473 327 7987478
605 805 5095773
210 474 9752378
816 395 1470706
644 40 9698736
581 621 5358860
386 548 5280306
473 380 3610479
172 903 556230
400 155 7327839
549 286 5299187
643 783 7478522
296 693 5590725
519 339 9204438
199 824 3585156
484 295 7989979
444 210 7064369
673 274 4836194
302 656 4152385
464 28 3803663
774 548 1624478
719 506 2568684
840 636 4293211
82 22 7985096...