97800 187017
3834 85848 476927808
5472 25267 627937890
96715 26885 645468307
40390 75197 588586447
17325 6244 710156469
12306 23186 11308832
84357 68147 208427221
15309 69763 726478310
57775 86935 135993561
88411 3875 851555000
76350 12853 946936715
80340 66635 771067386
45097 57677 16233727
72030 41535 612324591
59572 92887 591062856
53525 38695 670656770
22460 22922 629389147
5549 62968 860046161
27335 9787 292418116
96654 69220 664916091
87835 27739 120137864
81721 76558 908560044...