14845

5 6
4 3 3 4 2 3
0 0
0 0
0 0
0 0

4 6
5 3 3 6 5 3
0 0
0 0
0 0

2 5
6 4 6 6 5
0 0

9 7
4 6 2 2 2 5 5
0 0
0 0
0 0
0 0
0 0
0 0
0 0
0 0

5 1
5
0 0
0 0
0 0
0 0

5 9
2 4 2 6 4 4 3 2 1
0 0
0 0
0 0
0 0

5 8
3 5 6 3 1 2 1 2
0 0
0 0
0 0
0 1

9 4
3 4 5 1
0 0
0 0
0 0
0 0
0 0
0 0
0 0
0 1

3 8
1 5 5 6 2 6 5 4
0 0
0 0

7 10
5 4 6 3 2 2 4 6 1 4
0 0
0 0
0 0
0 0
0 0
0 1

10 3
6 4 3
0 0
0 0
0 0
0 0
0 0
0 0
0 0
0 0
0 0

9 4
5 2 5 2...