79984 89514
1 22359
78649 22359
78649 61977
1 68218
67772 61977
49350 67772
68218 67040
55968 1
64221 49350
20049 64221
72732 55968
1 8044
45180 1
48297 67040
70139 20049
72732 27244
45180 37891
27244 43640
35775 43640
8044 19976
66656 37891
66656 3146
19976 74325
74325 20714
31244 35775
51585 1
51585 4955
20714 900
76988 1
31244 8589
900 79849
4955 32376
4065 79849
76988 64773
18783 48297
62346 8589
55300 18783
76502 4065
32376 66841
76502 30209
1 3498
5157 70139...