3696
3696
7354
12758
12758
12758
44132
44132
53050
60892
60892
66034
66034
66034
70969
70969
70969
78476
84478
87701
87701
105267
100148
119370
119370
127391
127391
137053
137053
137053
151107
151107
187318
187318
192998
192998
203052
208171
231156
248610
248610
252442
252442
262742
281761
300383
310373
310373
310373
305254
310373
310373
310373
333871
333871
349251
349251
349251
356795
356795
356795
356795
356795
374795
374795
378209
378209...