18507
25558
25558
25558
26582
26582
26582
26582
45941
53852
54691
68419
68419
68419
93761
93761
121005
121005
130864
138756
145289
168154
159813
159813
168488
186052
177711
189823
188913
188913
200385
212558
204217
217460
230795
263521
263521
254801
254801
254801
263942
284483
284104
299662
285383
296504
311162
296504
310783
348858
340138
340138
356736
371394
388048
379707
396492
396492
408663
399551
399551
433996
425655
444662
454570
440291...