62690 15105
15660 1
15660 29561
1 19012
56011 19012
41326 56011
29561 1692
20545 1692
12926 41326
1 33596
56766 33596
31326 20545
31326 58914
12926 15692
1 31165
61853 15692
19761 58914
34674 19761
1 14758
1406 61853
49978 34674
31165 41603
41603 36936
7646 56766
7646 57766
49978 53712
1 12649
51175 57766
1 13470
50365 1406
30359 12649
44923 51175
20466 50365
31880 44923
30359 40402
53712 37411
58545 13470
23664 14758
23664 42018
25919 40402
31880 14360
26272 20466...