92896 24990
85288 1
85288 10146
21842 1
1 81714
79851 10146
81714 39587
1 80983
28445 79851
28445 86127
43106 21842
86127 68776
85757 80983
68776 35405
54196 1
1163 54196
87434 1163
79114 43106
85757 61515
39587 34838
36895 79114
1 46739
87434 15508
80505 34838
58026 15508
80505 84492
62123 58026
72949 35405
53014 1
61515 53995
36069 53995
2781 84492
54988 53014
27345 54988
31035 46739
2781 6259
36895 55583
2321 31035
41968 27345
21601 55583
19418 41968
30624 21601...