503 74840
441 1
1 178
344 178
441 180
344 54
1 347
49 1
54 276
180 286
276 399
50 347
49 182
296 399
488 1
68 50
68 337
294 337
477 286
200 296
200 493
422 477
294 213
1 135
1 467
189 213
312 493
135 201
467 362
488 6
362 10
102 10
86 422
201 397
397 75
409 189
312 407
308 86
98 182
75 313
356 313
311 409
47 311
407 475
475 144
102 304
235 1
474 1
289 1
474 357
357 207
24 98
12 304
207 272
203 47
1 455
395 455
395 285
12 56
24 40
272 116
144 351...