37884 56750
18889 1
1 37349
1 2748
18889 26104
10997 2748
10997 6443
585 6443
6826 26104
34487 6826
1 5899
32381 37349
5899 9598
33882 34487
16983 9598
585 26927
12487 1
33882 9847
1 5420
8011 12487
15846 1
15846 30729
29038 30729
34423 29038
10638 32381
34423 26807
11561 26807
20497 9847
8011 36567
609 36567
21911 11561
10638 4244
26927 2644
23070 4244
19516 5420
23070 12491
8482 16983
24718 8482
33805 20497
609 9327
9327 31198
13895 21911
12491 10215
31198 6881...