160000 161000 162000
7717 110353
141811 133435
136466 56051
135544 32313
144703 68196
136534 14890
101393 52237
23609 99201
148572 127838
53187 45363
148029 153612
41029 10754
73322 24866
104684 22815
54343 130942
100777 77096
97853 55193
78646 149309
71794 75577
113127 38780
7906 83078
98395 121788
31879 139905
60044 105642
41351 98987
141454 64832
153247 101838
94092 8194
97965 26092
14594 116502
140220 47735
73039 19583
146944 80265
70749 43806
57859 6700
38867 35141...