100000 99999 110000
11445 44007
38637 44007
37083 44007
44007 16308
44007 96362
66656 44007
15177 44007
82963 44007
24209 44007
69437 44007
33170 44007
44007 78670
35062 44007
2102 44007
44007 29707
37313 44007
44007 40085
44007 41549
44007 82222
75116 44007
44007 92082
71162 44007
44007 28739
44007 46990
44007 81281
20278 44007
24801 44007
44007 55680
80749 44007
44007 10425
44007 62138
62025 44007
44007 75646
12676 44007
55804 44007
44007 1669
60118 44007
44007 9049...