175994 183000 178000
7455 29216
127932 7742
49481 152261
68603 150921
15045 57241
44708 3415
148647 32947
83498 1613
20947 133827
159875 67389
47 100243
41097 49784
173360 26008
169710 92219
15753 76217
61483 21228
78679 111576
134697 58464
106214 94522
120613 125888
92272 16461
111060 138053
78338 65793
67578 22826
66858 84025
56509 22135
25945 172944
133208 160144
116084 148060
6823 78204
120536 47734
151482 100093
108745 104736
166451 130190
158160 27985
26548 134750...