474811554720
415515753120
4107810720
852169257120
530919455520
427128517920
2151282720
113453231520
459474431520
948007679520
979122825120
224091109920
52958111520
229392786720
469067769120
183225378720
304435161120
200518425120
413969279520
802627065120
337696137120
812028681120
416083660320
702273810720
414222085920
315227817120
296830405920
34055087520
345869404320
305950185120
656768658720
797765077920
542090716320
553261977120
918376108320
394846108320
112001106720...