-1 37 -1 7 -1 3
1000
481527002291
419955491857
763355858159
748191038745
516383381226
763812784664
828679305241
167005374832
546799673969
542461328975
127140977842
385909195925
530184904773
122462048220
486527223563
702317953048
557770923136
624043540456
774740074001
264131683556
462873616788
697562995645
498386834594
43183324322
466488541429
962343077503
206443370493
100399265620
976892802460
810129277704
884868898362
442198903860
248289262983
509319448078
725698401599...