42 -1 -1 -1 -1 8
1000
807163647411
158561772716
899503187081
48862490784
684013756627
33666740357
398197492732
776833973923
510928970412
610604834177
931027106814
258667570664
955816019394
179390828522
838250696245
284579795511
999397737669
730606484861
236059750756
618951800549
495838011040
881203808800
947748731710
394298892720
551241433162
429557383599
294702812286
383916347910
142982172158
663813390676
319728343123
686973561526
837727700021
244927697770
529173831904...