58 27 13 5 28 10
1000
416052145765
677426900432
326399715878
887653498523
222679173724
323234909047
183105933540
223851133395
777170594118
324510506089
769702863847
498080729075
158151651254
290211850324
435228556711
25727767155
199893826242
645542771268
877192095375
229252004084
55298260392
370274465105
538107467896
834479768140
521434848254
306028229527
331031199897
103412424681
503227421273
992601654119
782609829072
639098228576
527198059689
875448231838
856070860225...