20299079415
705021585015
688675655415
276162743415
747876503415
282790141815
177862785015
204245975415
747497898615
814334951415
436472241015
637616020215
933494461815
865867540215
706505159415
230153188215
36046257015
533257780215
49236945015
154352999415
698868349815
492075738615
242460263415
865015981815
185405245815
617767089015
104714039415
745130711415
361492765815
611708202615
313400279415
78395562615
145012468215
231700266615
89093265015
40685073015
608142301815...