177787032510
394993694910
973432277310
161945506110
110507266110
253586616510
295052309310
935027477310
752786117310
98610245310
480418066110
669128366910
929062939710
777148066110
687463483710
654517608510
235504306110
118838990910
931020072510
85545960510
390796382910
7095538110
96306562110
633059304510
839977714110
514972709310
232727669310
738806165310
770742024510
730096440510
349267186110
388082645310
906846821310
628356984510
163807080510
391900747710
74721854910...