-1 -1 20 5 -1 2
1000
660149037668
265282843571
559279196937
115412026990
149136743785
543165331115
668244143455
991267590602
948488353054
333959891311
674531731999
908823719504
355717826062
904005970865
672442926332
671600440266
974029605125
979475215310
127269700994
684716698586
292027853152
540596293905
235246847534
238007392370
958420493863
311523200121
540553240212
524790626906
363907945395
902059360269
895252125633
822409562029
279271589080
645970744322
87026368659...