733475433602
390545971202
86684083202
554673657602
148377916802
931179715202
5204044802
355076006402
592478928002
405346204802
861722928002
287922816002
354665779202
768598243202
765568800002
651806006402
313957209602
690715728002
164156371202
200604643202
857967552002
52507958402
842031331202
720158342402
27577929602
213290582402
197606736002
923858524802
230142038402
723061641602
45628444802
156488112002
142666185602
731392588802
871221484802
312537225602
154815580802...