100 100
9999999999999999999999999999999999999999999999999999999999999999999999999999999999999999999999999999
32 73
6 92
3 82
15 61
48 98
48 55
19 34
15 44
2 13
11 78
4 58
38 95
70 85
39 46
56 74
2 28
41 62
2 26
2 51
48 60
41 98
39 61
11 95
44 52
33 55
38 80
29 99
52 59
1 78
41 74
32 55
91 94
11 35
31 91
37 88
36 64
7 14
65 89
7 68
14 67
48 73
28 69
77 81
56 87
17 43
14 33
94 94
4 46
17 22
16 36
32 61
39 71
10 42
10 36
30 54
16 29
51 82
9 10
21 24...