2000
89
70
58
13
94
32
63
28
46
50
37
11
32
61
37
24
77
72
38
29
2
21
92
61
91
54
10
69
60
4
17
11
23
54
88
12
98
37
9
47
96
62
70
14
41
89
16
26
51
74
99
5
75
99
33
27
4
94
1
89
95
33
95
73
40
69
29
72
87
74
59
12
75
7
69
9
13
89
17
29
84
89
72
78
97
64
75
72
80
51
2
92
34
92
26
76
23
99
81
52
64
26
31
88
45
17
43
9
76
67
2
76
68
17
56
32
55
7
95
89
86
72
18
16
68
34
9
96
5
54...