100
2694982328780129327926373380174649269567
5508016720855936525993079833264200456095
2410246859656524426432660027653797235185
9442190433699727022969135426094258568275
661810304673676193744793263501326196229
2914022601562954025511352580343330421140
2359663999790814824948568188845633316794
885414070448593290586934609524615118204
6154513753457426615555859513393378075485
3922902704988604937511763099148172793879
8261350868586786687039706546489182283129
8252700648653671678008209968838076802854
3094...