3146
4 0
18 0
58 0
61 0
99 0
115 0
131 0
155 0
178 0
243 0
272 0
277 0
306 0
321 0
345 0
371 0
385 0
411 0
416 0
443 0
465 0
486 0
500 0
514 0
538 0
550 0
590 0
627 0
631 0
701 0
708 0
726 0
760 0
787 0
858 0
1004 11
1032 0
1097 0
1142 0
1156 0
1381 0
1391 0
1393 0
1399 0
1400 0
1421 0
1457 0
1485 0
1506 0
1538 0
1560 0
1572 0
1606 0
1653 0
1654 0
1676 0
1706 0
1712 0
1808 403
1849 0
1858 0
1866 0
1993 0
1995 0
2041 0
2087 0
2095 0
2109 0...