1222
-566194645 -374282869
-374250925 -374241700
-374233422 -374224374
-374222787 -374220266
-373609028 -373606246
-373605953 -373605388
-373604694 -373601936
-373556937 -373555494
-373555079 -373552750
-373548870 -373547937
-373547460 -373546461
-373545819 -373545115
-373529579 -373528826
-373528468 -373528317
-373526316 -373525137
-373524851 -373469428
-373466906 -373466435
-362602034 -362594704
-362593635 -362593283
-362591854 -362591717
-362497463 -362496638
-362493719 -362490487...