99311
70823 161368
183009 150838
20525 119150
13189 104119
61372 57164
142390 183481
130244 77592
105037 197670
110995 192023
89166 113473
6835 110275
140602 106453
154768 117605
160778 182004
29473 52885
131938 102284
155099 157326
162044 173753
29864 167846
91952 49723
133301 13179
1985 71671
151173 166193
15377 108987
67442 166973
1554 12706
61508 152113
19584 30263
26004 137842
88409 2446
196782 20656
178488 138527
119705 3928
69494 33181
174739 163286
131124 136486...