99994
88659 149353
130167 53539
42400 129336
88489 12787
124439 136247
45206 109975
32727 125915
140097 39651
29259 11397
68863 169904
132659 42473
170232 75240
126851 190489
15934 69810
132041 7309
144449 123270
111524 139238
65376 45049
170798 130491
104881 170853
165507 161466
34868 21259
158208 112195
167244 35375
160744 129144
29435 115163
71324 19291
117228 129671
16880 76118
18533 4724
142114 103505
29275 41889
15742 135519
99630 97281
173701 194749
158704 176403...