28060991658552
28060658679263
28060948487177
28060436268312
28060436268312
28060436268312
28060673626283
28060436268312
28060436268312
28060436268312
28060711800377
28060436268312
28060896376359
28060436268312
28060436268312
28060745429297
28060436268312
28060518742476
28060436268312
28060436268312
28060436268312
28060535522484
28060436268312
28060489612721
28060529309172
28060880415572
28060581027159
28060436268312
28060615046318
28060496131664
28060467650724
28060436268312...