27985778508123
27986077860393
27985778508123
27986383278927
27986059252046
27986347158929
27986040565666
27985778508123
27985778508123
27985778508123
27985778508123
27985778508123
27986186456935
27986026525866
27985996516837
27985994491317
27985778508123
27986430626102
27986002918174
27985987668328
27985778508123
27985778508123
27986107822106
27985778508123
27985778508123
27986039801049
27986208430181
27985781981729
27985778508123
27985778508123
27985799163513
27986174001884...