100000 200000
32942 36387 803622420
46849 57322 12226312
69836 2103 879784494
95501 90047 595976174
5718 65802 903233105
94632 64929 517290010
8967 83682 578919032
15910 9790 313528006
43302 73954 935923706
20271 27640 712398766
85589 89545 873939690
25265 8603 699291415
5680 88577 949216192
63756 30908 48533522
14194 82507 996904248
14762 3144 358620417
90390 24101 494125689
32221 69084 903852634
52904 29633 689900410
20292 47994 436799402
91593 97453 797401505
94674 58645 322487005...