31879503232619
31879201345096
31879485942589
31879244920417
31879126728583
31879139987734
31879126728583
31879744989531
31879329753146
31879126728583
31879126728583
31879487149536
31879249094869
31879126728583
31879432846471
31879126728583
31879126728583
31879126728583
31879126728583
31879126728583
31879126728583
31879126728583
31879485044630
31879126728583
31879126728583
31879126728583
31879126728583
31879126728583
31879327060766
31879748401797
31879243676678
31879333290535...