34972008947455
34972029707769
34971970240470
34972360169588
34972384713146
34971970240470
34971970240470
34972019475884
34972202675969
34972325772910
34971970240470
34972168236727
34971970240470
34971970240470
34971970240470
34971970240470
34972096265531
34972633075542
34972629742342
34971970240470
34972490667004
34971970240470
34972361569923
34971970240470
34971970240470
34972396495151
34971970240470
34971970240470
34971970240470
34972273371014
34972474323889
34971970240470...