99292084240123
99292084240123
99292084240123
99292084240123
99292084240123
99292084240123
99292084240123
99292084240123
99292084240123
99292084240123
99292084240123
99292084240123
99292084240123
99292084240123
99292084240123
99292084240123
99292084240123
99292084240123
99292084240123
99292084240123
99292084240123
99292084240123
99292084240123
99292084240123
99292084240123
99292084240123
99292084240123
99292084240123
99292084240123
99292084240123
99292084240123
99292084240123...