99279840736542
99279840736542
99279840736542
99279840736542
99279840736542
99279840736542
99279840736542
99279840736542
99279840736542
99279840736542
99279840736542
99279840736542
99279840736542
99279840736542
99279840736542
99279840736542
99279840736542
99279840736542
99279840736542
99279840736542
99279840736542
99279840736542
99279840736542
99279840736542
99279840736542
99279840736542
99279840736542
99279840736542
99279840736542
99279840736542
99279840736542
99279840736542...