98955246932731
98955246932731
98955246932731
98955246932731
98955246932731
98955246932731
98955246932731
98955246932731
98955246932731
98955246932731
98955246932731
98955246932731
98955246932731
98955246932731
98955246932731
98955246932731
98955246932731
98955246932731
98955246932731
98955246932731
98955246932731
98955246932731
98955246932731
98955246932731
98955246932731
98955246932731
98955246932731
98955246932731
98955246932731
98955246932731
98955246932731
98955246932731...