99092079120638
99092079120638
99092079120638
99092079120638
99092079120638
99092079120638
99092079120638
99092079120638
99092079120638
99092079120638
99092079120638
99092079120638
99092079120638
99092079120638
99092079120638
99092079120638
99092079120638
99092079120638
99092079120638
99092079120638
99092079120638
99092079120638
99092079120638
99092079120638
99092079120638
99092079120638
99092079120638
99092079120638
99092079120638
99092079120638
99092079120638
99092079120638...