99452906201502
99452906201502
99452906201502
99452906201502
99452906201502
99452906201502
99452906201502
99452906201502
99452906201502
99452906201502
99452906201502
99452906201502
99452906201502
99452942620683
99452906201502
99452906201502
99452906201502
99452906201502
99452906201502
99452906201502
99452906201502
99452906201502
99452906201502
99452906201502
99452906201502
99452906201502
99452906201502
99452906201502
99452906201502
99452906201502
99452906201502
99452906201502...