588918
588918
588918
588918
589042
588918
589093
588918
588918
588918
588918
588918
588918
588918
589022
589299
589288
588918
588918
589054
588918
588918
588918
588918
588918
589023
588918
589049
588952
589215
588918
589094
589413
589332
589082
589061
588949
588918
589241
589342
588918
588918
589414
589111
589148
589027
588918
589359
589152
589033
588918
588918
589331
588918
588918
588918
589281
589505
588918
588918
589200
588918
589374
588918...