92222152046523
92222152046523
92222152046523
92222152046523
92222152046523
92222152046523
92222152046523
92222152046523
92222152046523
92222152046523
92222374615697
92222152046523
92222152046523
92222152046523
92222152046523
92222152046523
92222152046523
92222152046523
92222152046523
92222152046523
92222152046523
92222152046523
92222152046523
92222152046523
92222152046523
92222152046523
92222152046523
92222152046523
92222152046523
92222152046523
92222152046523
92222152046523...