99373045655167
99373045655167
99373045655167
99373045655167
99373045655167
99373045655167
99373045655167
99373045655167
99373045655167
99373045655167
99373045655167
99373045655167
99373045655167
99373045655167
99373045655167
99373045655167
99373045655167
99373045655167
99373045655167
99373045655167
99373045655167
99373045655167
99373045655167
99373045655167
99373045655167
99373045655167
99373045655167
99373045655167
99373045655167
99373045655167
99373045655167
99373045655167...