99998999900001
99998999900001
99998999900001
99998999900001
99998999900001
99998999900001
99998999900001
99998999900001
99998999900001
99998999900001
99998999900001
99998999900001
99998999900001
99998999900001
99998999900001
99998999900001
99998999900001
99998999900001
99998999900001
99998999900001
99998999900001
99998999900001
99998999900001
99998999900001
99998999900001
99998999900001
99998999900001
99998999900001
99998999900001
99998999900001
99998999900001
99998999900001...