99998999900002
99998999900001
99998999900001
99998999900001
99998999900001
99998999900001
99998999900001
99998999900001
99998999900001
99998999900001
99998999900001
99998999900001
99998999900001
99998999900001
99998999900001
99998999900001
99998999900001
99998999900001
99998999900001
99998999900001
99998999900001
99998999900001
99998999900001
99998999900001
99998999900001
99998999900001
99998999900001
99998999900001
99998999900001
99998999900001
99998999900001
99998999900001...