199999
199999
199999
199999
199999
199999
199999
199999
199999
199999
199999
199999
199999
199999
199999
199999
199999
199999
199999
199999
199999
199999
199999
199999
199999
199999
199999
199999
199999
199999
199999
199999
199999
199999
199999
199999
199999
199999
199999
199999
199999
199999
199999
199999
199999
199999
199999
199999
199999
199999
199999
199999
199999
199999
199999
199999
199999
199999
199999
199999
199999
199999
199999
199999...