27
31
30
34
33
31
35
36
31
31
32
32
29
34
31
30
31
33
28
34
35
31
35
29
32
33
34
34
31
30
32
32
35
29
32
32
32
30
34
29
31
27
32
37
31
35
32
32
29
37
29
29
34
35
36
35
32
28
32
31
31
31
29
30
31
31
31
31
35
32
36
31
32
33
31
37
35
27
29
33
28
35
29
33
30
32
35
36
33
32
31
29
28
33
32
36
33
31
32
33
32
36
29
30
31
29
35
33
32
33
29
34
31
35
30
28
29
35
31
36
30
31
32
32
32
31
32
30...