27
29
29
31
32
29
26
28
28
28
29
30
27
27
26
28
29
31
30
29
31
27
29
27
28
35
23
31
30
31
26
34
30
25
27
32
32
29
28
30
30
26
31
28
27
32
31
27
29
26
33
31
34
29
27
28
27
25
28
32
33
27
31
30
32
27
28
25
28
31
30
29
27
30
27
31
27
31
27
30
30
31
25
29
29
29
27
29
28
30
30
30
29
29
29
30
24
29
28
27
27
31
30
31
29
30
27
24
30
31
31
27
32
30
31
31
28
31
28
26
32
30
25
29
28
30
26
30...