30
31
30
31
33
37
30
34
29
32
31
32
29
33
36
31
28
33
34
33
35
29
31
32
35
29
32
35
31
36
29
30
31
30
30
32
31
30
34
32
31
29
33
33
35
32
29
33
30
31
31
33
32
33
31
29
33
33
33
36
33
27
33
33
32
28
31
32
30
30
28
34
32
34
32
30
34
34
32
30
30
31
30
33
29
29
31
30
30
33
30
31
31
33
31
31
30
36
33
32
32
31
32
26
32
30
33
32
33
31
32
30
24
32
30
32
32
33
30
30
33
35
33
34
28
30
31
29...