31
33
35
34
33
36
32
33
33
37
29
36
35
37
35
37
31
36
31
33
32
30
37
36
39
34
36
35
34
34
31
35
33
34
34
34
37
35
31
37
34
29
33
34
34
37
36
34
34
37
37
36
33
34
34
38
34
37
33
36
35
32
37
33
37
39
34
35
33
34
36
34
34
34
31
31
35
32
32
37
34
36
41
32
34
33
36
35
35
38
33
33
33
40
32
33
29
33
38
35
35
33
39
35
33
31
36
35
31
39
32
33
30
36
36
31
36
38
34
37
35
32
31
33
32
31
36
37...