34
30
37
38
40
38
35
31
29
33
36
36
34
34
33
31
33
31
32
34
31
33
34
31
36
32
30
35
36
34
32
31
39
34
38
35
31
37
34
33
35
35
32
35
41
32
32
33
37
35
32
33
36
40
35
33
35
35
34
37
35
35
36
30
36
36
34
31
35
34
31
31
33
36
36
37
34
30
39
36
36
34
34
39
33
32
35
33
33
38
38
36
35
33
34
34
37
40
33
32
31
31
33
34
38
35
30
31
35
33
33
30
32
35
39
39
31
33
34
36
34
33
35
32
31
34
33
30...