32
36
33
32
35
29
31
31
32
32
28
33
31
31
31
32
31
30
31
27
33
33
31
33
30
31
33
27
37
28
33
32
34
32
39
35
30
32
31
34
31
32
35
31
31
32
29
33
33
32
33
29
31
30
30
32
34
36
31
30
37
34
34
31
28
35
30
34
31
33
34
31
29
38
34
32
26
33
28
30
29
32
30
33
34
32
31
33
28
30
30
35
31
31
29
32
30
31
34
29
31
31
32
31
34
34
33
35
35
30
31
32
30
29
32
30
33
31
31
34
29
32
28
32
30
31
37
37...