79 6
49 249
14 2
20 44
61 131
49 250
20 4
54 3
57 11
61 131
17 7
49 8
62 32
26 266
54 262
49 249
37 9
35 4
81 132
62 72
67 3
18 2
9 67
17 27
62 72
26 3
62 135
20 3
32 3
15 14
19 2
20 15
26 6
15 70
54 20
15 70
54 13
5 2
81 74
30 2
62 6
16 3
49 250
15 70
49 40
81 132
49 250
54 143
26 2
10 2
49 249
67 3
61 37
50 3
1 63
54 13
49 249
13 1
61 42
62 3
54 20
40 8
61 13
81 16
54 2
67 5
9 41
35 11
26 24
10 7
20 3
49 7
17 22
61 7
49 68
54 262...