17 0
79 1
17 0
13 0
52 1
8 0
8 0
11 0
16 0
2 0
7 0
19 0
14 0
18 0
6 0
13 0
16 0
8 0
13 0
10 0
6 0
4 0
12 0
8 0
24 0
22 0
3 0
16 0
38 2
22 0
18 0
10 0
56 1
21 0
17 0
54 1
14 0
78 1
8 0
21 0
24 0
4 0
7 0
22 0
22 0
60 1
55 1
8 0
1 0
11 0
22 0
5 0
23 0
8 0
5 0
12 0
10 0
18 0
13 0
5 0
24 0
19 0
5 0
7 0
3 0
2 0
4 0
20 0
2 0
23 0
4 0
3 0
4 0
10 0
12 0
31 1
19 0
19 0
3 0
15 0
22 0
10 0
19 0
13 0
5 0
7 0
19 0
12 0
8 0
3 0
3 0...