10000
2 1
3 1
4 1
5 2
6 5
7 3
8 1
9 1
10 7
11 5
12 1
13 5
14 8
15 2
16 5
17 13
18 8
19 13
20 9
21 7
22 2
23 4
24 13
25 13
26 23
27 5
28 2
29 28
30 6
31 15
32 14
33 32
34 23
35 19
36 31
37 25
38 32
39 22
40 3
41 33
42 38
43 25
44 15
45 4
46 33
47 46
48 44
49 31
50 47
51 1
52 11
53 13
54 46
55 7
56 8
57 13
58 10
59 29
60 29
61 50
62 51
63 45
64 22
65 2
66 2
67 20
68 40
69 59
70 63
71 4
72 32
73 1
74 30
75 26
76 46
77 38
78 3
79 75...