100 100
31 40 42 35 40 42 42 40 40 35 1 1 42 31 1 40 31 40 31 35 40 42 40 1 1 31 1 42 35 35 40 35 31 42 42 35 35 35 35 40 42 42 1 1 40 31 31 42 31 1 40 42 40 35 31 35 40 1 42 42 35 40 40 42 31 1 1 35 35 40 35 35 40 31 40 40 35 31 1 1 40 31 40 35 31 31 1 40 40 42 1 42 40 1 42 1 1 31 1 42
14 25
25 52
25 58
14 94
40 25
1 25
74 25
92 25
69 14
25 45
52 72
36 14
49 14
25 86
97 14
9 14
51 14
58 54
22 25
25 65
50 25
11 25
29 25
37 58
44 14
52 73
58 34
25 21
93 52
25 43
46 58
25 20...