1
1
1
2
56
3
1
20
1
3
7
1
13
1
12
1
14
2
3
2
1
1
40
6
1
1
4
12
2
1
1
3
1
56
1
1
1
1
20
4
1
2
1
1
2
1
1
1
1
1
1
1
1
1
60
1
1
4
13
2
1
1
1
1
1
2
1
1
1
1
1
1
3
1
1
1
3
27
1
1
20
1
1
1
1
1
4
1
1
1
2
1
1
6
16
1
1
4
1
1
1
1
1
1
1
1
1
1
58
1
1
1
22
1
1
1
1
1
1
1
3
1
1
2
1
1
1
1
1
1
1
1
2
6
1
1
56
1
1
1
1
1
1
1
1
1
6
1
1
1
1
1
1
1
1
2
2
1
1
3
1
1
1
1
1...