1
3
1
2
1
3
1
1
4
2
1
1
4
20
2
1
6
2
1
60
1
9
9
2
2
2
1
3
2
1
4
1
4
6
60
10
4
1
1
48
1
1
1
1
1
1
1
2
2
1
3
1
16
1
4
1
4
10
1
5
1
1
1
22
1
1
1
2
5
1
1
8
1
1
1
2
2
1
1
16
1
1
1
4
1
4
2
5
7
2
21
1
1
1
1
1
1
1
1
1
3
2
1
1
3
1
1
1
1
1
1
1
1
2
1
1
1
1
1
1
1
4
1
1
1
1
1
1
1
1
1
1
1
2
1
1
2
1
1
1
1
3
2
1
8
1
1
1
1
1
10
1
1
2
1
1
1
1
1
1
1
1
1
1
1
1
3...