0
0
-3566279847
-5362549749
-4605080649
-9553735618
-1185501810
-9302138874
-4584734430
-11262782406
-7002506632
-13380639649
-4788734064
-3294871960
-22085261341
-14787220187
-8863433905
-24633727462
-28238441688
-24892934689
-34344644239
-22138024535
-20268223534
-27367504828
-32675879383
-46572684203
-18952122806
-40045705643
-35090431482
-48498338540
-42044911652
-9276417211
-26044639586
-43005898047
-64256910275
-43106491147
-61149226376
-56543722897
-28521158510...