500
92016 95527
94855 93520
93763 97652
99616 98806
92314 98876
97216 99893
94970 99346
90146 97666
99352 99584
93424 96298
99909 96765
94147 91130
91036 97469
91021 94698
97536 96878
90231 98310
94408 94306
94719 90062
92010 97110
99344 97787
95361 90409
96766 90151
96444 93761
99024 93836
91950 98623
90912 90778
98056 91867
94863 94110
93256 99714
95398 91553
99112 90818
92282 90370
90514 98587
97743 96821
97623 96134
99524 95022
96944 95589
90034 93626
90518 99152...