1500
2 10
5 5
4 2
3 8
9 1
6 8
10 1
5 4
10 3
9 7
9 8
5 5
10 3
5 10
8 1
10 6
10 1
1 2
4 3
1 9
7 3
7 2
1 9
1 3
10 3
7 9
1 2
3 3
2 9
9 2
5 5
10 8
5 4
2 1
6 8
7 7
1 7
3 9
2 7
5 6
6 2
2 7
1 4
3 8
8 5
5 10
2 8
8 4
3 2
2 9
8 1
1 6
5 3
8 4
9 9
1 7
7 9
3 10
2 7
5 7
7 4
10 4
1 1
6 5
8 8
5 8
1 7
10 10
4 3
3 9
7 5
10 2
8 10
2 7
10 6
10 10
6 7
1 6
1 3
1 3
2 10
8 10
7 5
6 1
4 4
4 4
2 9
8 6
6 9
1 8
3 5
5 7
8 9
7 7
9 6
6 2
2 6...