2000
1 10
5 6
3 4
10 10
6 6
4 4
10 4
9 9
2 6
9 9
6 10
3 8
8 5
5 10
1 4
1 6
1 3
4 1
8 10
1 4
8 3
5 2
10 2
7 4
10 8
8 9
7 6
7 9
8 9
2 10
9 3
1 6
6 5
8 6
10 1
7 4
9 6
5 9
3 6
7 10
1 9
4 3
1 3
9 4
1 9
5 9
8 4
3 3
6 2
5 1
1 3
7 4
4 1
2 1
8 8
9 2
1 1
5 3
1 9
6 2
6 2
5 3
3 7
5 2
10 1
9 6
7 3
8 1
9 9
2 6
7 7
10 6
1 4
5 3
3 10
4 8
3 3
1 1
10 5
10 6
8 3
3 6
6 3
5 2
2 9
4 7
6 5
8 7
2 10
6 8
1 4
5 4
10 10
2 7
4 9
3 10
7 4...