3999
999806 708
999597 1192
999589 1250
999337 1521
999002 1663
998880 1927
998732 2270
998669 2411
998517 2802
998089 2922
998081 3079
997274 3091
996860 3580
996550 3792
996390 4166
995138 4640
995119 4852
994934 4866
994705 4967
994664 5938
994220 6555
994123 6603
993760 6693
993695 6994
993603 7350
993252 7457
993129 7616
993023 7624
992962 8074
992835 8160
992699 8324
992615 8454
992287 8690
992257 8863
992224 8910
991077 8994
990714 9208
989696 9219
989559 9323...