11884370948172775385325268800679155
7922913965448516923550179200452770
4753748379269110154130107520271662
3395534556620792967235791085908330
2160794717849595524604594327396210
1828364761257350059280810584719870
1398161288020326515920619858903430
1250986415597134251086870400071490
1033423560710676120463066852232970
819611789529156923125880606943390
766733609559533895827436696818010
642398429630960831639203718955630
579725412105989043186598478081910
552761439449896529550012502357170
50571791268...