1152783981972759212376551073665878035
768522654648506141584367382443918690
461113592789103684950620429466351214
329366851992216917821871735333108010
209597087631410765886645649757432370
177351381841962955750238626717827390
135621644937971672044300126313632710
121345682312922022355426428806934530
100242085388935583684917484666598090
79502343584328221543210418873508830
74373160127274787895261359591346970
62312647674203200669002760738696110
56233364974280937189100052373945270
53617859626639963366...