116431182179248680450031658440253681535
77620788119499120300021105626835787690
46572472871699472180012663376101472614
33266052051213908700009045268643909010
21169305850772487354551210625500669370
17912489566038258530774101298500566390
13697786138735138876474312757676903710
12255913913605124257898069309500387530
10124450624282493952176665951326407090
8029736702017150375864252306224391830
7511689172854753577421397318726043970
6293577415094523267569278834608307110
567956986240237465609910528976847...