11992411764462614086353260819346129198105
7994941176308409390902173879564086132070
4796964705785045634541304327738451679242
3426403361275032596100931662670322628030
2180438502629566197518774694426568945110
1844986425301940628669732433745558338170
1410871972289719304276854214040721082130
1262359133101327798563501138878539915590
1042818414301096877074196592986619930270
827062880307766488714017987541112358490
773703984804039618474403923828782528910
648238473754735896559635719964655632330
584995695...