1283188058797499707239798907670035824197235
855458705864999804826532605113357216131490
513275223518999882895919563068014329678894
366625159656428487782799687905724521199210
233306919781363583134508892303642877126770
197413547507307647267661370410774742184190
150963301034999965557623400902357155787910
135072427241842074446294621860003770968130
111581570330217365846939035449568332538890
88495728192931014292399924666899022358430
82786326374032239176761219849679730593370
6936151669175674093188102203...