1000
228 15
145 15
15 356
228 330
615 356
283 15
228 988
988 91
68 228
422 228
356 905
145 585
673 356
130 905
283 287
615 188
905 499
228 451
30 15
343 905
451 689
422 522
134 188
586 228
770 68
330 795
139 356
732 422
15 947
29 188
997 91
403 997
936 499
97 936
856 586
3 145
187 228
15 362
422 2
732 452
452 915
319 188
130 721
15 297
390 732
68 357
365 30
401 130
972 3
388 362
980 988
856 521
30 886
605 422
401 63
319 815
283 475
480 980
228 953...