44991
63546
264691
261839
20974
2050
51611
1502
211936
104910
129505
1437
199550
329409
265066
161521
50900
69958
61119
101183
170899
2534
223046
80754
62787
104608
19486
48738
136205
86425
366428
118294
93243
138739
362276
125216
357182
153960
126889
218973
72142
54678
143719
70239
57600
62681
173433
367948
181281
42796
36155
726
270669
187983
231968
328101
160921
214963
93333
61337
258446
257431
71279
81562
61905
77596
55258
33893
60427...