895
11049
1328
5885
1697
116745
58404
48526
8636
28588
21037
17464
37482
1431
885
9740
12738
7482
71096
6923
60038
19635
5335
2065
2169
15565
30115
4172
2937
6202
20856
7226
556
5079
8984
6999
6060
18775
14839
47728
84050
1975
70032
30326
11353
5025
44031
16610
17523
16636
19686
647
9562
1983
53643
1226
366
726
6345
3935
1630
82410
2077
74256
2120
4497
13327
1076
24097
3051
5313
2635
35512
1069
15147
50797
700
46809
30935
47147...