13193
9178
12463
12260
416
14307
7517
3329
22673
1462
11315
9341
9004
14372
6849
23076
9206
8007
1322
7720
13239
7788
4020
18605
5704
197
9223
6236
15808
5267
6454
13229
20063
15645
8468
6295
15784
5394
20422
15435
9406
1857
10011
4559
2091
12314
5257
10002
5018
6011
11598
23061
1451
9745
857
8935
3951
4460
1723
3335
908
2491
3493
1394
14790
21841
2103
9341
13353
8227
10038
2560
12730
11237
8909
12836
9825
2049
911
13313
14994...