205546
156766
151452
144416
153452
157438
184118
188394
150778
125454
137356
138874
146884
158478
180808
203812
241402
184008
136468
193022
188940
168674
123876
147262
117366
141982
131162
216100
168728
149466
167546
149606
169204
154954
129900
204190
158494
108576
129232
144110
137810
124074
133238
192924
201866
236362
135542
134968
207118
185226
162110
116386
141570
156450
190812
167896
194946
235058
160064
155894
170024
127256
201018
178882...