1000 10000 1 500000
895 8
244 277
627 459
550 403
749 440
210 913
644 489
627 322
253 82
311 644
701 219
526 404
50 850
294 110
883 54
346 357
451 821
646 729
242 447
645 836
708 800
996 244
600 994
484 381
186 433
43 628
945 285
97 283
58 637
195 652
681 184
720 837
518 500
690 294
73 989
860 643
194 63
844 102
738 887
400 666
541 507
686 642
247 613
930 32
483 243
388 230
869 834
999 569
762 839
716 840
563 140
309 337
534 201
74 53
829 729
655 216...