1000 10000 4 500000
31 281
359 123
591 333
97 426
380 711
614 370
588 552
494 784
191 520
156 276
147 494
367 363
17 595
9 980
310 327
643 284
867 906
167 442
974 837
92 987
775 878
142 975
924 440
564 234
45 96
16 316
352 353
642 834
22 609
102 154
732 450
265 435
92 18
624 547
857 635
505 511
854 908
647 622
472 254
298 174
279 375
941 318
817 594
511 426
767 158
970 971
663 363
719 452
760 592
776 46
889 695
853 517
698 799
664 952
176 658
801 213...