10000 500000 1 500000
4135 2876
1070 503
6143 6960
9336 574
1002 1325
2628 3369
9332 6639
554 9088
7470 3336
2196 4159
6077 7294
3248 2213
9930 4363
3442 7734
6320 7740
5247 1562
5440 3571
9986 7419
5392 997
234 7739
7368 1885
1978 9388
8260 6679
7417 165
4725 1910
608 4420
1424 6590
7774 7719
141 2010
7911 8897
5241 9527
7185 1276
8900 7
7893 8929
8308 8000
9908 8561
3569 2475
7088 2080
2007 2549
7822 4276
999 4769
2139 2874
405 291
484 2594
3867 534
6348 366...