10000 497529 1 499998
2012 2464
2464 5497
5497 2012
785 4363
4363 9455
9455 785
449 2813
2813 9155
9155 449
501 1303
1303 5616
5616 501
998 1030
1030 7688
7688 998
292 4393
4393 5348
5348 292
649 6562
6562 7539
7539 649
4491 4570
4570 5974
5974 4491
1070 1131
1131 3571
3571 1070
1686 7424
7424 9473
9473 1686
2652 2682
2682 9196
9196 2652
2091 4033
4033 4156
4156 2091
4274 6003
6003 9043
9043 4274
231 1681
1681 9421
9421 231
844 3280
3280 4046
4046 844
173 5807...