247 247 73 412
64
489 53 60
490 53 55
72 410 415
245 245 251
499 52 53
78 412 416
74 410 413
495 48 53
75 414 415
73 412 415
249 242 242
73 408 410
70 409 411
242 248 248
243 245 249
244 246 251
252 243 246
80 414 417
487 55 58
497 49 53
77 416 417
248 243 243
68 408 411
75 412 412
250 245 245
242 246 246
253 246 246
69 409 414
76 416 416
491 54 56
488 53 60
500 52 54
242 246 246
79 412 416
493 54 54
76 412 414
497 50 53
486 55 58
492 54 55
250 247 247
246 243 251...