100 3842 25 17
39 48
96 76
96 95
44 2
52 28
92 80
72 26
37 73
32 87
51 66
100 17
41 94
44 93
65 93
82 46
74 27
69 48
61 34
48 68
73 49
76 35
76 38
17 31
37 78
37 87
89 76
59 37
15 61
62 6
91 71
66 80
47 94
55 75
82 25
43 78
52 72
75 13
18 59
6 31
31 75
78 12
61 72
50 73
100 37
44 17
29 6
55 100
95 72
90 73
55 9
32 30
21 96
38 19
12 74
34 80
41 54
64 85
27 36
46 37
64 68
41 69
27 95
66 23
100 14
67 82
27 92
61 37
65 27
99 44
65 20
26 55...