98 740 94 18
30 65
3 70
68 9
92 4
68 45
53 32
66 65
94 59
26 23
64 32
54 44
18 52
11 2
10 68
53 86
79 22
73 27
57 50
56 33
59 9
82 19
77 76
11 62
4 2
59 89
65 92
33 3
87 28
64 57
91 65
23 49
79 27
23 78
97 90
5 51
97 65
95 65
49 70
91 36
76 90
19 94
31 14
58 45
92 73
59 75
43 26
85 16
24 50
39 34
95 3
65 24
75 83
26 54
12 84
66 44
36 28
67 23
73 2
34 72
68 42
5 69
48 16
54 15
30 19
64 74
70 78
1 54
98 24
46 85
92 62
13 24
20 61
11 59...