96 421 8 88
15 4
65 47
28 5
78 45
82 68
7 95
26 59
35 7
32 15
89 30
44 81
22 93
93 74
36 91
50 15
86 17
25 94
82 77
93 39
47 17
41 62
23 32
74 40
46 47
41 87
71 65
69 11
50 23
82 7
84 48
24 62
55 6
92 34
66 21
83 96
58 18
22 52
24 44
50 87
67 2
75 43
18 28
92 72
52 41
19 61
86 81
69 13
75 73
26 63
43 91
16 6
96 80
28 53
8 10
95 17
9 44
84 42
85 59
61 83
53 28
78 71
90 22
17 12
16 80
70 90
35 8
37 53
47 86
61 93
19 47
54 37
61 8
15 52...