92 195 43 11
69 66
89 5
33 28
79 13
84 5
20 22
82 27
36 80
42 21
88 28
15 10
10 77
87 77
84 10
50 85
51 54
86 90
34 51
59 31
79 25
74 80
31 25
64 86
18 64
14 88
75 58
1 49
35 87
51 11
79 84
32 68
14 20
88 9
80 82
27 2
18 74
55 38
58 30
53 2
79 78
47 56
16 71
26 34
15 61
91 14
55 68
53 7
33 71
56 4
29 32
70 18
20 29
75 64
22 4
8 23
86 3
57 32
43 6
90 88
29 79
64 52
45 92
16 60
91 65
92 51
53 24
8 28
23 63
47 38
27 75
16 77
47 74
38 23...