70 574 12 34
24 5
64 56
21 66
56 7
32 55
3 44
50 19
11 69
7 63
15 66
60 69
38 70
48 52
22 44
64 9
20 44
13 38
65 8
20 8
56 36
11 25
18 9
67 10
7 5
18 8
66 49
38 26
15 18
21 70
23 25
70 44
42 47
48 63
50 49
23 49
66 67
37 29
8 7
69 51
62 9
58 18
27 37
38 20
40 32
38 22
11 19
27 18
9 36
27 6
12 19
33 25
65 44
12 44
4 32
50 17
21 60
42 33
53 43
70 49
27 65
53 32
69 7
50 29
27 33
15 14
42 65
25 24
60 19
22 8
11 17
21 50
64 17
6 17
68 17...