-1
-1
-1
-1
628400769 828017408
628400769 828017408
628400769 828017408
-1
628400769 828017408
628400769 828017408
628400769 828017408
-1
-1
628400769 828017408
628400769 828017408
628400769 828017408
628400769 828017408
628400769 828017408
-1
-1
-1
-1
-1
-1
-1
-1
-1
-1
-1
-1
-1
-1
-1
-1
168114400 154100197
-1
-1
-1
-1
-1
-1
-1
-1
-1
-1
-1
-1
-1
-1
-1
-1
-1
-1
-1
-1
-1
-1
-1
-1
-1
-1
-1
-1
-1
-1
-1
-1
-1
-1
-1
-1
-1
-1
-1
-1
-1
-1...