105 105
93 103
93 104
63 93
97 93
48 93
93 7
44 93
93 59
57 93
93 73
93 96
25 93
60 93
93 36
84 93
93 31
10 93
71 93
93 99
93 69
93 101
93 85
93 74
93 92
93 23
93 45
56 93
93 40
93 67
20 93
93 28
93 79
8 93
93 86
93 26
62 93
93 41
50 93
2 93
93 21
93 49
80 93
91 93
78 93
93 38
93 18
102 93
51 93
93 37
93 54
93 76
5 93
77 93
89 93
93 53
93 12
93 95
93 19
35 93
58 93
93 3
22 93
93 65
68 93
93 94
72 93
93 90
93 61
11 93
93 16
83 93
93 24...