135 3
119 91
73 119
73 83
32 119
8 73
41 119
119 99
91 43
34 91
36 73
119 81
91 62
9 119
98 73
119 89
46 91
119 23
73 66
119 69
73 117
91 107
119 106
35 91
73 40
101 91
119 56
85 91
2 91
91 60
47 91
73 24
54 73
91 31
119 88
20 73
65 119
104 119
119 49
73 52
68 91
91 29
121 91
92 73
91 71
119 109
133 73
57 73
10 91
73 22
91 39
119 118
91 16
73 108
93 91
73 74
84 119
91 15
11 119
19 91
73 127
73 110
38 91
91 4
53 119
70 91
61 73
91 3
100 91...