155 5
26 24
52 24
26 130
88 52
112 130
130 58
118 26
24 30
102 88
44 24
88 10
52 6
48 52
52 122
24 17
40 88
130 111
24 12
24 70
135 130
52 75
143 24
33 130
92 26
27 52
25 88
28 52
26 155
37 88
130 54
24 91
126 130
18 130
7 130
52 152
124 130
134 52
52 149
24 29
105 24
68 130
113 130
88 22
52 128
88 56
72 130
16 26
57 24
24 31
88 125
62 26
26 144
26 9
104 52
52 86
26 21
24 93
26 8
24 110
88 133
39 26
130 147
52 43
26 53
151 130
88 153
52 64...