249 9
119 79
12 79
190 12
191 119
242 12
110 119
14 119
141 14
37 191
242 199
114 242
222 190
79 227
53 242
242 112
110 57
119 1
66 141
191 27
173 191
119 117
73 191
144 141
238 119
200 110
242 45
28 191
131 191
63 141
110 143
79 224
119 72
51 119
190 93
203 242
110 65
79 74
191 71
127 191
242 10
141 170
243 191
99 14
110 207
14 232
249 14
92 14
137 119
36 119
80 119
140 191
120 79
110 235
152 242
110 172
79 164
49 191
79 18
110 240
78 242
14 82...