250 222
14 6
79 14
213 14
153 14
179 14
14 189
14 243
14 170
198 14
14 247
14 113
24 14
58 14
216 14
177 14
232 14
14 98
193 14
174 14
97 14
14 32
63 14
14 114
190 14
34 14
14 60
14 4
14 159
14 28
140 14
14 250
124 14
29 14
41 14
14 51
14 85
81 14
16 14
54 14
14 44
14 48
14 71
194 14
50 14
242 14
7 14
52 14
8 14
26 14
11 14
14 112
14 82
14 74
222 14
14 70
14 115
14 95
10 14
14 231
149 14
14 53
47 14
14 236
14 202
14 160
86 14
173 14
14 49...