400 369
155 367
387 51
211 73
292 350
22 271
282 329
156 231
110 277
212 389
369 265
296 243
184 389
142 25
156 249
399 228
227 261
200 69
95 2
31 297
4 378
101 201
118 50
48 64
119 171
293 347
80 92
111 119
121 393
362 320
17 266
128 135
197 94
224 257
102 223
81 18
358 214
324 375
117 305
221 322
169 66
296 21
371 44
51 17
275 291
194 44
214 376
138 263
369 299
148 121
394 340
369 240
317 11
100 193
324 151
177 128
123 265
95 355
259 384
215 306...