400 264
251 349
198 186
148 9
159 22
328 180
128 185
215 12
137 179
212 59
303 162
257 32
110 121
96 276
230 17
263 318
109 301
35 281
3 327
269 394
140 209
327 343
79 248
195 77
202 175
307 30
299 141
286 167
118 179
187 399
16 318
309 231
199 29
369 300
149 307
197 338
7 314
311 244
361 83
366 90
50 305
127 317
337 364
279 220
5 42
155 222
250 253
212 142
121 287
383 173
351 125
16 134
20 178
374 208
321 50
360 134
329 226
188 371
196 134
51 390...