14
7 7
5
5 1
7 1
6 5
7 4
7 2
5
7 2
5 7
2 1
2 6
4 5
5
2 6
2 4
6 5
3 6
7 4
3
1 2
6 1
3 1
5
1 3
3 4
1 5
4 2
4 7
4
4 7
4 6
2 3
3 1
3
3 4
4 1
2 4
100 100
98
26 55
81 26
55 87
55 6
53 81
60 81
87 41
92 87
37 6
99 6
53 49
44 53
60 22
19 60
10 41
61 41
100 92
82 92
33 37
37 34
36 99
1 99
88 49
49 38
44 59
44 90
25 22
79 22
19 43
14 19
10 24
80 10
11 61
39 61
100 18
100 57
15 82
82 23
33 65
33 17
32 34
34 83
66 36
70 36
1 68
52 1...