100000 33310
28366 70738
14367 99159
45510 94460
57228 53752
99409 63122
27319 50142
49704 62455
80759 8407
61235 84216
13356 45005
42252 77503
23842 48164
74604 78985
41344 6303
23064 6403
82924 64915
64915 23139
17554 21963
18266 3833
13674 96807
95418 18065
95878 61490
38372 7457
9289 48227
90264 5677
79467 9189
53218 40975
16870 11542
47170 59463
36177 32398
11930 41078
80152 19250
44438 8466
97869 13317
36421 52485
57764 52015
60871 62515
31810 91665
52187 15748...