100000 6137
75314 35211
83879 67184
54097 85933
42861 28572
96457 10910
74876 19169
81612 82587
19510 53515
82730 17889
14246 80924
68419 22444
38592 45953
24612 46440
11281 58253
17454 77283
19787 829
69070 21850
5034 93138
75999 93241
68509 42528
62008 43975
8446 72443
61648 4561
49444 1290
71346 66672
4302 44011
90032 23308
47282 89712
38897 29415
19049 81418
66481 85596
82189 12193
1718 33088
14142 60191
31302 85189
17343 42324
79213 71637
29836 89415
64421 14364...