100000 91815
98382 97540
64738 54157
53028 32626
29419 57758
24253 60964
9406 54783
94566 44892
31679 20249
47605 55689
52124 88439
19693 98794
37189 1147
7229 52723
14365 1789
47903 29176
29604 26466
4904 44618
53053 34469
20742 22340
58454 23324
25132 90778
97453 42066
85143 81738
69697 95442
34501 37974
45998 37779
5281 46294
30903 62778
28065 67518
44397 3870
68297 71473
15620 6768
11549 77954
29365 59922
93110 31152
77209 5290
85684 58520
32665 76709
57901 73906...