100 44
86 28
61 55
31 90
71 99
41 34
24 25
5 64
89 42
93 91
10 90
21 36
27 36
76 92
7 28
82 69
53 4
13 16
9 70
68 84
34 50
59 42
3 91
94 83
77 38
63 65
97 25
46 22
73 72
32 78
78 70
15 39
74 12
81 25
85 17
38 11
52 60
75 19
25 26
49 67
2 28
67 35
20 40
17 69
83 23
40 14
44 30
30 51
50 62
99 29
65 36
11 18
47 64
19 80
36 6
88 18
92 6
58 39
87 14
37 91
22 26
29 26
57 90
56 14
80 14
66 62
90 23
12 69
100 62
35 60
45 33
69 64
64 91
70 42...