500 999
482 422
102 80
471 398
293 208
82 323
291 330
165 287
386 201
77 435
91 392
407 61
43 354
94 384
41 437
468 242
52 180
351 441
317 276
268 93
31 260
253 242
411 161
198 254
481 335
144 216
396 168
257 187
264 498
224 471
34 378
40 16
379 73
259 258
214 359
478 17
227 156
152 35
358 144
82 47
201 262
264 425
395 297
273 144
436 266
355 486
402 190
172 12
284 407
94 41
164 107
289 104
384 488
23 197
212 346
39 274
94 366
377 112
83 97
164 40...