499 1000
396 288
84 160
463 12
144 126
256 213
461 216
124 246
126 337
476 257
288 48
26 167
478 92
143 191
89 139
370 276
117 46
12 223
480 22
29 474
299 8
6 273
200 306
148 36
2 373
100 469
191 83
61 361
424 94
369 168
98 449
7 349
226 393
457 72
232 71
125 275
257 18
213 437
181 188
191 135
65 146
82 192
444 43
20 225
341 444
202 258
40 63
220 468
153 195
474 58
283 7
232 293
88 23
387 456
125 111
158 330
294 69
332 368
490 319
418 115
321 465...