500 100
163 127
80 440
482 304
64 249
423 387
44 422
445 391
368 454
22 42
361 92
32 148
475 336
56 486
180 294
396 196
107 266
363 95
253 117
493 129
30 464
5 134
491 321
60 290
295 216
422 56
160 179
292 189
500 71
341 92
250 479
368 214
157 363
26 171
29 490
42 310
86 62
96 143
460 293
14 451
380 326
356 156
272 26
399 220
495 134
147 66
278 275
352 411
377 136
399 382
471 308
379 329
405 24
138 491
352 285
355 276
67 16
424 490
442 352
316 206...