494 703
239 457
424 253
177 74
338 382
74 288
316 365
205 244
401 156
355 310
360 115
138 262
187 43
465 138
57 242
83 230
304 131
321 75
2 182
458 284
470 281
130 365
178 77
339 194
175 282
339 480
80 157
36 452
150 453
340 136
3 331
113 451
353 211
4 322
254 414
343 411
11 41
293 136
50 258
262 50
91 272
239 235
487 382
379 165
353 435
303 27
419 185
477 297
71 362
388 129
134 135
5 393
327 419
5 356
351 191
167 304
106 378
291 26
398 451
60 331...