100 100
780 492 741 708 859 154 445 903 892 1000 943 621 986 472 562 764 482 592 852 612 517 776 97 315 991 469 684 63 913 699 647 489 771 587 887 509 377 976 477 909 310 341 998 838 21 808 608 978 887 485 115 755 241 246 766 807 74 423 449 170 378 629 114 914 592 49 446 403 831 960 452 822 571 663 742 920 17 500 103 982 81 281 436 453 316 979 147 340 804 359 725 322 159 612 339 637 844 137 49 51
59 49698
31 52441
141 42301
87 47079
143 42105
14 54083
8 54685
186 38429
259 32450
70 48637
148 41...