10 10
..#.#.#...
......#...
..........
.#...#.#..
#..#......
.......#..
.....##...
....#.....
#.#.#....#
....#.....
50
3 10 3 10
10 10 10 10
5 9 6 9
2 4 7 4
8 8 8 9
3 6 3 6
2 10 10 10
3 6 4 10
3 2 6 5
4 9 6 9
7 8 10 9
10 10 10 10
10 1 10 9
2 9 5 10
1 8 7 8
10 2 10 6
3 8 8 9
5 8 7 8
8 8 10 9
3 4 10 7
3 7 4 7
4 4 9 9
8 4 10 4
2 10 6 10
2 6 3 6
10 1 10 6
7 2 10 8
6 7 9 9
4 9 5 9
9 7 9 7
5 7 6 10
9 7 10 8
1 4 5 7
4 9 8 10
10 1 10 10
3 5 5 8
8 1 10 9
10 10 10 10...