156
1
0
0
0
0
0
2
1
0
0
0
0
0
0
0
0
1
0
0
10
0
0
0
0
0
0
106
0
0
0
0
4
0
1
1
1
0
0
0
0
0
1
0
1
2
2
0
0
1
4
0
1
1
3
0
1
0
1
0
1
1
0
1
0
0
151
0
1
2
1
0
2
0
0
0
0
0
0
0
144
1
0
0
0
1
0
1
0
1
0
1
2
1
0
1
0
1
0
1
0
0
0
1
0
0
0
1
0
1
0
0
0
5
1
0
0
0
0
0
0
0
0
1
0
1
108
0
0
0
0
0
0
0
0
0
1
0
1
6
1
1
2
1
0
8
3
1
1
0
0
0
0
0
0
1
0
0
0
0
1
0
2
1
0
0
1...