1
0
1
0
0
1
0
0
1
0
1
0
2
1
168
1
0
2
1
5
7
1
0
0
0
0
0
28
1
168
0
0
1
0
2
0
2
0
0
1
0
1
0
0
0
0
0
5
3
0
1
0
11
13
5
0
2
0
1
1
168
1
0
1
0
1
1
0
0
1
0
1
0
1
10
0
3
1
3
0
1
1
0
0
1
4
5
1
1
0
9
1
0
0
0
0
0
1
7
0
0
0
0
1
2
0
0
0
2
1
1
0
0
0
0
1
3
2
0
0
1
9
168
2
0
1
2
1
0
0
5
0
0
1
0
0
0
0
4
0
2
1
1
0
2
168
0
1
1
1
0
0
2
0
3
0
0
0
1
1
2
0
1
1
0
0...