0
0
2
2
0
0
2
0
0
0
10
1
0
7
7
0
0
7
0
0
168
0
1
1
1
0
1
0
0
0
0
0
0
2
0
0
5
0
1
0
1
0
0
0
0
0
1
3
61
0
2
1
0
0
1
1
0
0
2
2
0
0
0
0
2
8
2
0
2
12
0
0
1
1
1
0
1
2
0
1
0
2
0
0
168
1
0
3
1
0
0
0
0
0
2
0
0
0
2
0
1
1
18
0
0
8
0
4
0
0
1
0
2
0
5
0
0
1
3
0
2
0
2
0
1
0
1
2
0
0
0
1
0
0
1
0
0
2
1
1
0
0
0
0
1
0
5
1
0
0
0
0
1
0
1
1
0
0
2
1
1
0
0
1
0
0
0
2...