0
0
0
1
0
2
0
0
0
0
0
1
1
0
1
0
0
0
0
1
0
1
0
0
1
0
2
0
1
0
0
1
1
0
1
1
168
78
0
16
2
0
168
1
1
1
0
2
0
1
2
0
1
2
0
1
0
1
0
0
2
168
2
1
0
0
11
0
0
0
1
0
0
156
1
1
0
0
0
0
4
0
0
1
1
0
2
0
3
1
0
1
0
0
0
0
2
1
0
0
0
1
0
0
113
0
0
0
1
0
4
0
0
0
0
0
4
1
1
1
1
2
1
1
2
0
2
0
0
1
0
168
0
0
0
0
0
1
0
0
0
2
0
0
0
4
7
0
0
2
1
168
0
0
1
5
0
6
0
1
0
0
1
2
1...