0
0
0
0
25
0
0
0
0
4
0
0
1
1
4
0
0
0
0
0
1
1
1
0
1
0
0
1
0
0
25
0
0
0
0
1
0
25
2
1
0
0
0
1
10
3
0
1
0
1
7
1
25
4
1
7
0
1
0
0
0
0
25
0
1
0
0
1
0
0
0
13
0
0
1
0
1
0
0
0
1
2
0
1
2
1
0
1
1
0
0
1
0
0
0
0
2
0
0
0
0
0
1
0
0
0
0
1
2
25
0
0
1
0
1
0
1
1
0
0
0
0
0
0
1
6
1
1
0
1
1
0
4
0
0
0
0
0
0
0
0
0
0
0
25
0
1
25
0
0
1
25
2
0
1
0
1
1
0
1
0
0
0
0
0
0
0...