168
49
2
1
1
5
7
2
2
1
6
1
1
1
1
2
1
150
1
3
1
0
8
1
1
1
6
3
3
1
13
1
3
49
11
3
168
3
4
1
15
1
9
2
1
1
1
2
2
1
2
3
2
2
2
1
168
5
1
1
1
1
168
11
3
1
4
2
4
3
1
1
3
5
2
1
1
1
1
3
1
1
2
13
2
1
5
168
1
1
1
1
1
2
3
12
7
1
1
4
1
1
5
9
1
148
2
1
9
34
3
1
4
1
2
2
1
12
1
1
6
1
1
10
2
1
1
2
1
1
8
1
2
1
1
4
3
3
2
2
3
7
87
9
0
1
2
1
3
1
1
1
2
1
1
1
2
2
1
2
1
1...