168
168
168
168
70
168
168
168
168
168
168
168
168
168
0
168
2
168
168
168
168
168
168
168
168
168
168
168
168
168
168
0
168
0
168
168
168
168
0
168
0
168
168
168
168
168
168
168
1
168
1
168
168
168
168
168
168
1
168
168
168
168
168
168
168
168
168
168
168
2
0
0
168
168
168
168
168
168
168
168
168
168
168
9
168
168
168
168
168
168
168
168
168
168
168
168
168
0
168
168
168
168
168
168
168
168
1
0
168...