168
168
1
1
168
168
168
168
168
168
168
75
168
1
168
168
168
168
168
168
168
168
168
168
168
168
168
168
1
168
168
168
168
168
168
168
168
1
168
168
168
3
168
168
1
168
168
168
168
168
168
168
168
168
168
168
1
168
168
168
168
4
168
168
1
168
168
168
168
168
168
168
168
168
168
168
168
1
168
168
168
168
168
168
168
107
168
168
168
168
2
168
22
6
168
168
168
168
1
4
8
168
168
1
168
168
168
3
168
168...