77
0
71
71
17
0
0
1
72
6
72
0
0
72
3
70
1
74
0
0
0
0
0
0
74
1
0
0
0
73
72
1
4
0
2
0
73
0
71
0
73
1
73
76
0
0
1
76
0
0
73
72
0
0
74
73
2
1
73
73
73
0
16
72
0
0
1
73
1
0
2
1
0
0
75
74
0
0
73
3
1
0
75
77
0
1
0
1
1
75
75
0
8
13
76
4
4
0
2
77
0
3
0
0
0
1
2
2
76
1
1
0
0
0
75
2
2
76
0
74
1
77
77
76
0
3
0
0
76
0
75
0
0
0
0
76
1
0
76
76
0
1
0
0
76
0
76
0
0
0
76
0
0...