168
168
1
0
168
168
168
168
168
168
168
168
168
168
168
168
168
168
168
168
2
168
168
168
168
168
168
168
168
168
168
168
168
168
168
168
168
168
1
168
168
168
168
9
168
168
168
168
168
168
168
0
168
3
168
168
168
1
168
168
168
168
168
168
168
168
17
168
168
168
168
168
168
168
168
168
168
168
168
168
168
168
168
1
0
168
168
168
168
5
168
1
168
4
168
168
3
0
168
168
168
168
168
168
168
168
168
0
168...