160
108
0
62
0
0
0
62
0
0
0
0
0
72
0
65
1
0
0
109
0
1
0
68
0
0
0
0
62
0
53
0
81
0
0
0
0
0
60
67
60
0
0
63
14
0
54
0
54
0
66
110
4
110
0
0
72
74
0
1
16
0
64
0
137
1
69
0
0
0
70
0
1
107
0
59
0
0
0
59
1
107
3
77
0
1
1
79
0
81
0
76
0
0
1
1
106
1
67
0
0
137
0
0
1
0
74
0
0
5
0
74
0
157
157
1
0
0
84
1
0
0
71
0
0
111
0
1
1
0
88
1
1
0
0
0
124
0
0
14
0
117
0
70
0
70
70
0...