0
1
1
0
0
0
1
1
0
0
0
1
1
0
11
1
0
1
0
0
0
1
0
0
0
0
0
0
0
0
0
4
0
0
0
0
0
0
0
0
0
0
1
0
7
0
0
45
0
0
0
1
1
0
1
0
1
0
0
1
0
1
0
0
1
0
0
0
0
1
1
0
0
0
0
0
0
0
0
8
0
0
0
0
0
0
0
1
0
0
0
1
0
0
0
1
0
0
0
0
0
0
0
0
1
0
0
1
0
0
0
0
0
0
1
0
0
0
1
0
0
1
0
0
0
0
0
0
0
3
0
1
2
1
1
1
1
0
1
0
1
0
1
0
0
0
0
1
0
0
3
0
0
0
0
1
0
0
1
1
1
0
0
0
0
0
1
1
0
0...