46
46
46
46
0
46
46
46
46
46
1
46
46
46
46
46
46
46
46
46
46
46
46
46
46
0
0
46
46
46
46
46
46
2
46
46
46
46
46
46
46
1
0
46
46
46
46
1
46
46
2
46
46
46
46
46
46
46
0
46
46
46
46
46
46
46
46
46
46
0
46
1
46
46
46
46
46
0
46
46
46
46
0
46
46
46
46
46
46
46
2
46
1
46
46
0
46
46
46
0
46
46
46
46
3
46
46
46
46
46
46
46
46
46
46
1
2
46
46
46
46
46
46
46
46
0
46
0
46
46
46
0
46
46...