35
35
35
35
35
35
35
35
35
35
35
35
2
35
35
1
35
35
35
35
35
35
35
35
35
35
35
35
35
35
35
35
35
35
35
35
35
35
35
35
5
35
35
5
35
8
35
35
35
35
35
35
35
35
35
35
1
35
35
35
35
2
35
35
35
35
35
35
35
35
35
35
35
35
35
35
35
35
35
4
35
35
35
35
35
35
1
35
35
35
1
35
35
35
35
2
1
35
35
35
35
35
35
35
35
35
35
35
2
35
35
35
35
35
35
35
35
35
35
35
35
35
35
1
35
8
35
35
35
35
35
3...