159
0
1
159
159
159
0
159
0
159
159
159
0
0
159
159
0
0
159
159
159
0
159
0
159
159
1
159
159
159
159
0
159
159
0
0
159
159
0
159
0
159
159
159
159
1
1
159
159
159
0
1
159
159
0
159
159
1
159
159
0
0
1
159
0
159
1
1
159
159
159
159
159
159
159
159
0
159
159
0
0
159
159
159
0
159
159
159
1
158
159
159
0
0
0
159
159
159
159
0
159
0
159
159
159
159
0
159
159
159
0
0
159
0
159
0
159
0
159
159...