159
159
0
1
0
159
0
1
0
159
0
159
3
25
0
2
1
0
159
1
1
0
0
0
0
0
1
159
159
159
159
0
159
159
0
159
0
159
159
0
0
159
159
159
0
0
1
159
0
159
159
159
159
0
130
1
159
1
1
0
159
1
0
3
159
159
0
0
0
0
159
1
159
0
0
0
159
1
159
0
159
0
159
0
0
0
0
159
0
0
159
0
2
159
0
159
0
3
0
159
0
1
0
159
159
0
159
0
0
159
2
0
0
159
0
0
0
1
159
159
0
159
0
0
3
159
0
1
0
0
0
0
159
0
159
0
0...