155
155
155
0
0
155
155
155
155
1
1
0
155
0
1
0
0
0
155
155
0
155
1
1
155
155
0
0
125
3
155
1
0
1
155
0
0
155
0
1
155
155
0
155
1
155
0
155
1
155
1
155
1
155
155
155
0
155
155
155
155
155
155
0
155
155
0
155
0
155
155
155
155
155
0
155
155
0
2
0
155
0
155
155
0
1
155
1
155
155
155
155
155
155
0
0
155
155
155
8
155
2
155
0
155
155
1
155
155
0
0
2
2
155
155
155
9
155
155
2
0
155
155
155...