10
lj
nz
yc
ks
ws
rt
uj
au
ng
kc
2000
5 2 1 6 8 1 2 10 10 1 1 6 3 3 8 1 2 1 5 4 4 5 1 3 5 8 5 1 1 6 1 8 2 2 9 10 9 5 5 2 1 6 5 6 2 9 7 4 8 10 2 3 5 7 9 6 2 9 6 1 8 5 2 6 4 2 2 1 6 2 1 3 8 3 7 2 9 9 2 3 2 8 3 8 5 3 1 6 3 10 1 2 7 5 1 3 5 6 9 5 7 2 8 7 9 7 2 2 8 9 4 6 10 5 5 3 8 10 2 5 8 1 8 5 8 8 2 5 4 10 4 7 6 10 4 5 10 3 4 1 3 7 1 4 3 10 10 10 4 6 8 9 9 6 10 10 7 9 1 9 9 6 7 10 2 1 6 6 3 8 6 3 5 3 8 4 4 6 4 9 4 2 1 9 9 6 3 3 2 3 9 6 4 2 1 8 6 5 3 3 6 9 5 7 6 1 7 2 8 1 8 8 7 4 2 4 1 4 5 3 1 6 1...