100
44101 71
57534 406
93610 470
97034 107
99079 175
99622 390
99853 324
99877 335
99894 476
99904 490
99911 166
99912 42
99913 245
99914 397
99915 34
99916 242
99917 211
99918 285
99919 495
99920 186
99921 411
99922 329
99923 282
99924 160
99925 25
99926 12
99927 203
99928 466
99929 481
99930 355
99931 375
99932 427
99933 109
99934 366
99935 7
99936 58
99937 97
99938 258
99939 386
99940 253
99941 313
99942 267
99943 315
99944 42
99945 149
99946 218
99947 264...