100000 100000
46224072 11832
70483647 26111
27664475 13258
70773758 32988
75105255 35720
87650715 10114
47315982 29979
79198535 39761
47761388 11006
32013738 11513
12573748 1950
24333064 4892
84288489 835
24707984 32943
30645942 33702
32568385 21691
83224556 6442
88521081 11738
33152278 36639
4104988 1901
94582585 4841
491613 23779
66636205 25863
93919532 4059
39160978 9048
25112892 2842
42066673 25656
60771248 35464
90378097 8191
46870369 15541
51284147 10667
36029134 3465...