100000 100000
86983518 39492
69212149 9221
12032085 412
37839386 40349
59580147 7605
11799649 10827
70808169 10811
9870325 44176
88932322 10779
17522390 31342
51156993 37738
10005295 42711
7369357 4455
52210376 24417
87392809 41558
82151570 570
64870716 37306
20008032 39628
89449711 21038
34911669 43484
29532756 20809
95380920 21877
27788452 19932
61312068 13452
55878817 17456
11310620 9944
64059930 39561
65080891 3801
8886413 4113
66082634 43114
25216742 2794
31518763 9683...