100000 100000
769465872 21473
468375472 32608
999999997 3
702576145 24390
999999990 5
117979000 42001
999999979 7
996044922 2813
198459259 40039
985113304 5457
702283399 24402
52243047 43538
801128404 19944
845322334 17589
984998497 5478
798286345 20086
997145145 2390
768885750 21500
884259495 15215
999999810 20
980271379 6282
532110655 30591
692517199 24799
868366575 16226
991102129 4219
765887659 21639
999999649 27
999999622 28
908489844 13529
979924384 6337
993788950 3525...