39855
91753
39855
9326
76706
99033
5687
59288
79460
77683
7257
84058
57098
39855
28863
39855
9326
9326
39855
9326
83897
43269
13200
78343
9326
5195
39855
53776
39855
22202
50991
9326
9326
39855
39674
39855
49184
39855
39855
51022
9326
10006
10825
37753
13289
19225
39855
51739
39855
43205
20314
25089
9326
39855
1132
9326
17131
9326
39855
52803
39855
70379
9326
96835
9326
39855
9326
39855
14457
35468
35581
9326
27272
82054
9326
39855...