52165
19242
89442
89442
81439
7778
7778
82037
82037
80894
89442
10335
89442
50635
82037
65015
50660
82037
27212
44487
7778
82037
27519
7778
82037
5123
27098
53651
10245
27212
18789
64070
37400
7778
7778
7778
26912
7778
60858
27212
53542
7778
26872
99166
4902
47905
31454
7778
89442
74060
27212
25431
12429
7778
89442
7778
7778
31454
37191
7778
82037
38008
22656
27212
7778
87010
27212
89442
27212
89442
7778
7778
7778
65161
27212
74060...