100000 100000
788303824 20577
261163980 38441
166720924 40824
963836740 8505
206646139 39834
414889264 34209
974989872 7073
997031734 2437
962852110 8620
999999955 10
999922972 393
987795730 4941
869693704 16144
245591254 38844
417793374 34124
879991222 15493
517094497 31078
920260494 12629
223563879 39407
705738330 24260
517964275 31050
693755874 24749
892344199 14674
849636189 17342
235223505 39110
955824700 9400
923633739 12359
981647289 6059
209113894 39772
951739600 9825...