9362 9625 90
2551 4444 218
1796 2612 955
668 2851 506
24 5465 807
1775 7691 82
2311 5398 875
654 3894 716
7662 8173 764
5360 7416 351
2571 4992 60
2910 7053 814
6258 8364 322
514 812 96
1583 6734 392
2580 3594 928
957 7169 947
5911 7901 993
3752 6920 959
3164 7654 522
3244 6556 142
5759 7761 421
2611 3552 102
1101 1726 334
1851 5119 435
4281 6834 162
294 8946 651
3261 6756 667
4958 8595 597
2052 7916 93
7136 8198 137
3806 6919 628
3537 6540 779
9020 9155 397
5306 6182 358...