100000 100000 100
9966 69975 1000
1234 96064 1000
47391 81389 1000
77930 87472 1000
48595 86551 1000
1443 69023 1000
133 16802 1000
29057 59290 1000
4975 95012 1000
30177 57693 1000
92977 93732 1000
44688 77762 1000
29114 37696 1000
24120 79490 1000
41842 86517 1000
81015 85305 1000
11273 98750 1000
46176 78150 1000
21462 88026 1000
33170 44678 1000
489 86551 1000
37789 89933 1000
2417 27586 1000
20050 92690 1000
32834 40291 1000
760 59481 1000
60574 96479 1000
22097 68822 1000...