98 100 25
20 24 4
25 52 4
6 75 7
43 81 7
2 8 7
26 28 8
17 20 9
42 52 3
6 49 6
20 64 1
5 43 3
14 82 5
4 70 5
52 90 7
27 54 7
55 92 4
19 90 1
57 74 2
17 44 4
14 29 2
75 93 2
41 76 3
9 77 2
73 78 1
82 82 4
49 63 4
35 89 1
30 36 4
35 51 5
84 98 4
1 13 7
63 71 7
23 48 3
41 93 1
13 15 4
83 87 6
34 55 3
64 98 1
47 51 4
88 98 6
1 38 6
4 57 9
39 79 2
17 24 8
29 48 4
58 93 10
72 94 3
24 85 9
9 93 1
2 51 6
20 94 6
47 62 6
14 80 4
26 33 3
3 93 5
7 93 6
16 41 10...