999999999 999999999 100000
453308084 314 453308084 999999957
312178982 314 312178982 999999957
276413508 314 276413508 999999957
403390375 314 403390375 999999957
818753624 314 818753624 999999957
698651655 314 698651655 999999957
381655131 314 381655131 999999957
219151551 314 219151551 999999957
303650594 314 303650594 999999957
50301644 314 50301644 999999957
403941013 314 403941013 999999957
144209683 314 144209683 999999957
482912711 314 482912711 999999957
292666853 314 292666853 999999...