30 30
12 16 3 16
24 18 15 18
26 25 13 25
5 5 21 5
3 13 5 13
9 20 15 20
2 28 2 22
26 27 26 30
21 19 21 24
9 15 9 6
28 18 29 18
10 0 11 0
29 2 28 2
6 25 7 25
21 16 21 15
20 30 19 30
29 30 28 30
28 26 27 26
22 12 22 11
1 15 1 14
13 11 13 12
5 4 6 4
4 18 4 17
5 20 5 21
10 12 11 12
13 24 13 23
18 27 19 27
24 12 23 12
13 4 12 4
15 11 14 11
100000
22 1 D 69
9 10 L 51
18 11 R 25
16 14 L 55
28 14 D 29
17 3 D 24
3 9 L 76
11 5 U 418170271545344
1 11 D 20
8 24 D 72
29 10 L 33...