1000 1000
839 512 839 326
26 409 838 409
471 279 471 280
289 337 402 337
803 528 341 528
159 630 159 429
56 531 158 531
328 515 584 515
446 529 446 972
183 410 183 735
534 550 1000 550
616 115 611 115
429 398 429 6
897 169 430 169
188 750 445 750
744 544 935 544
286 410 286 749
875 698 713 698
315 975 575 975
76 29 76 238
902 895 492 895
454 620 454 695
610 894 610 551
842 539 598 539
905 543 905 19
61 899 61 624
844 403 844 271
611 583 802 583
255 658 255 413
890 810 611 810...