1000 50
42 0 43 0
38 22 38 23
8 39 8 40
0 8 0 7
29 2 29 3
26 33 26 32
4 19 3 19
4 8 4 9
23 8 24 8
38 12 38 13
21 25 22 25
9 21 9 22
41 16 41 15
7 18 7 19
26 9 26 10
28 44 27 44
19 47 20 47
17 46 18 46
5 45 4 45
45 21 46 21
41 1 40 1
46 17 47 17
24 21 24 20
8 17 7 17
39 38 39 37
36 2 36 3
19 20 19 19
47 6 47 7
34 28 35 28
47 14 48 14
6 40 7 40
38 19 38 18
6 23 7 23
30 38 30 39
4 13 4 14
37 10 38 10
13 39 12 39
5 23 5 22
38 36 39 36
44 25 44 24
3 15 3 16
24 38 24 39...