1000
395 952
972 216
662 638
30 143
14 868
908 769
381 774
203 309
44 628
332 91
907 624
194 433
858 514
55 473
788 991
7 113
14 462
98 33
412 650
534 928
29 27
860 368
2 316
919 614
531 950
104 211
266 940
164 941
365 694
388 838
464 542
691 860
201 533
844 664
947 15
314 647
803 747
726 764
446 932
261 588
745 354
655 656
255 786
265 239
175 674
196 281
884 342
268 813
147 518
393 748
24 613
729 259
505 467
460 453
897 436
495 743
327 176
314 379...