100000
198 669
350 51
131 619
617 643
791 738
771 213
64 578
382 978
33 43
430 541
177 876
755 982
523 933
618 759
644 149
508 626
953 76
406 248
102 258
144 323
383 519
550 421
475 752
618 711
516 257
439 571
288 381
656 947
483 528
367 656
947 750
198 851
370 985
66 383
544 318
266 612
983 568
357 734
397 532
505 429
413 348
797 67
142 917
800 113
330 824
767 593
569 788
203 765
772 906
816 583
642 728
304 407
390 991
206 9
918 757
524 996
478 660...