200000
1 17
2 17
3 13
4 10
5 1
6 8
7 12
8 4
9 15
10 3
1 1
2 17
3 3
4 7
5 3
6 13
7 3
8 12
9 2
10 14
1 17
2 18
3 11
4 10
5 6
6 19
7 16
8 16
9 15
10 10
1 10
2 3
3 8
4 6
5 3
6 14
7 12
8 1
9 20
10 2
1 7
2 1
3 15
4 7
5 8
6 19
7 6
8 4
9 19
10 2
1 14
2 18
3 4
4 17
5 14
6 20
7 10
8 18
9 1
10 14
1 1
2 20
3 3
4 6
5 8
6 14
7 1
8 2
9 4
10 13
1 5
2 12
3 11
4 14
5 7
6 1
7 18
8 6
9 10
10 9
1 4
2 4
3 3
4 9
5 9
6 18
7 1
8 2
9 19
10 13...