200000
2925 250
1791 41
2556 164
1419 205
1436 245
1932 172
327 113
1182 262
1162 132
616 329
1525 314
372 226
822 471
138 480
574 375
605 233
642 79
2036 363
907 94
2899 267
2783 89
2368 273
214 80
2862 95
2581 35
349 430
2342 81
2568 20
2334 448
1269 332
2486 255
2305 224
579 463
433 30
471 283
1378 380
1429 471
2123 309
1560 269
462 333
2069 227
2226 397
1692 87
2443 160
2531 59
937 287
1715 65
477 18
129 212
871 372
70 77
1059 140
1568 204
1934 390...