200000
622 33
1865 89
2448 53
177 317
1369 212
2364 450
1093 12
1981 1
2342 79
2206 54
90 373
1964 51
2258 472
1792 204
1279 490
1100 69
2185 339
1127 131
784 137
1329 475
1738 290
1664 229
1435 202
386 263
2064 342
2420 491
1967 142
2428 469
1096 68
1296 275
132 482
1609 426
269 256
2405 15
1867 391
1881 168
910 131
2264 275
2066 178
1110 383
1089 207
1306 159
972 345
2304 284
1399 249
1476 80
1168 355
1085 105
1620 22
1071 346
639 255
1954 267
1815 62...