100
1 5
0 3
0 0
3 1
1 5
0 5
3 0
3 0
5 3
2 4
3 4
1 3
6 2
1 5
1 5
5 4
6 0
6 0
0 0
3 3
5 6
6 3
4 3
5 6
4 0
4 2
2 6
0 6
6 6
4 1
2 0
1 5
1 0
1 5
0 0
1 6
4 5
3 0
3 2
1 4
2 1
4 4
0 6
3 0
5 4
0 4
3 5
3 6
5 3
1 4
5 0
1 4
2 2
3 6
2 0
1 5
6 4
5 3
2 6
5 1
5 2
5 3
4 0
5 0
1 6
6 1
5 5
5 4
1 4
3 0
1 1
4 4
4 6
0 5
6 6
2 2
0 5
4 4
4 2
4 5
2 1
4 1
6 6
1 4
0 5
2 4
2 6
5 2
0 0
4 1
2 4
0 0
5 5
5 1
3 1
0 1
0 5
2 6
3 1
3 4