104
0 0 0 3 2 2 4 1 0 8 9 6 7 9 1 11 16 14 2 14 18 20 13 7 8 2 1 24 15 12 10 15 25 20 33 5 13 3 37 22 38 17 36 33 20 19 18 35 16 37 7 21 45 34 22 50 19 43 13 35 52 5 13 57 14 4 19 39 30 2 5 33 65 27 3 74 45 74 39 65 51 55 17 29 0 48 64 42 62 87 33 3 81 93 9 53 21 94 57 88 47 72 9 85
1000
47 2
86 4
53 2
79 5
66 1
1 1
92 4
46 1
99 2
76 2
1 2
25 5
57 4
23 4
25 5
55 2
26 5
47 2
52 3
94 2
69 5
100 1
8 1
61 2
16 2
68 2
68 4
58 4
74 3
22 5
94 3
11 2
1 2
31 1
100 5
88 4
92 4...