842 25
0 0
1 1
0 2
1 3
0 4
1 5
0 6
1 7
0 8
1 9
0 10
1 11
0 12
1 13
0 14
1 15
0 16
1 17
0 18
1 19
0 20
2 20
3 19
2 18
3 17
2 16
3 15
2 14
3 13
2 12
3 11
2 10
3 9
2 8
3 7
2 6
3 5
2 4
3 3
2 2
3 1
2 0
4 0
5 1
4 2
5 3
4 4
5 5
4 6
5 7
4 8
5 9
4 10
5 11
4 12
5 13
4 14
5 15
4 16
5 17
4 18
5 19
4 20
6 20
7 19
6 18
7 17
6 16
7 15
6 14
7 13
6 12
7 11
6 10
7 9
6 8
7 7
6 6
7 5
6 4
7 3
6 2
7 1
6 0
8 0
9 1
8 2
9 3
8 4
9 5
8 6
9 7...