8925 25000 4446
7132 72
7636 72
302 5065
6363 72
737 5065
7476 72
7120 5065
586 72
910 72
8913 5065
7334 5065
2428 5065
4795 72
6416 5065
7958 5065
5781 72
7405 3355
8317 2132
6568 8764
3093 72
1086 7157
1001 5065
7639 3195
4275 72
4410 72
6358 1362
710 5065
2872 72
6988 72
7277 5065
6200 1669
3321 7820
4207 72
3320 5065
180 5065
36 6290
2265 4191
2540 6535
5681 5065
2095 5065
3455 72
1131 5065
4696 5065
3920 72
5813 8581
1912 72
6024 72
2641 5920
7101 5065...