100000 100000 100000
19193 72567
68603 78902
46121 72567
28002 5758
12644 72567
44692 72567
14504 72567
54891 5758
59456 72567
93688 72567
4538 5758
4390 72567
48702 86732
6907 41022
70249 5758
45815 5758
11681 72567
48919 5758
97713 52104
57573 5758
62645 5758
66035 85186
29231 72567
75506 97989
70899 72567
14937 49761
40109 27653
11605 72567
98019 96395
85570 60375
10158 64945
10641 76919
60441 35232
3858 3762
28791 72567
73416 5758
29657 5758
64755 5758
44785 5758...