100000
1 -4 4
1 -8 8
1 -12 12
1 -16 16
2 2 1
2 3 2
2 2 1
2 1 2
1 -20 20
1 -24 24
1 -28 28
1 -32 32
2 1 5
2 1 3
2 1 2
2 3 5
1 -36 36
1 -40 40
1 -44 44
1 -48 48
2 3 7
2 9 11
2 7 12
2 10 7
1 -52 52
1 -56 56
1 -60 60
1 -64 64
2 4 5
2 13 5
2 16 8
2 10 14
1 -68 68
1 -72 72
1 -76 76
1 -80 80
2 19 2
2 10 12
2 16 14
2 13 1
1 -84 84
1 -88 88
1 -92 92
1 -96 96
2 14 1
2 22 11
2 12 24
2 19 2
1 -100 100
1 -104 104
1 -108 108
1 -112 112
2 28 4
2 17 23
2 7 8
2 15 23...