100000
1 0 9
1 1 11
2 2 1
2 1 2
2 1 2
2 2 1
2 1 2
2 2 1
2 1 2
2 1 2
1 -2280 -2268
2 3 1
2 1 2
2 1 2
2 2 3
2 3 1
2 2 3
2 2 3
2 1 3
2 3 2
2 1 3
2 2 3
2 1 2
2 2 1
2 3 1
2 2 1
2 3 2
2 2 3
2 2 3
2 1 3
2 2 3
2 1 2
2 3 2
2 1 2
2 2 3
2 2 3
2 2 3
1 -1199 -1186
2 2 1
2 2 4
2 4 3
2 1 4
2 1 2
2 2 3
2 1 4
2 1 3
2 2 3
2 1 2
2 3 1
2 4 2
2 4 2
2 4 3
2 3 1
2 4 3
1 -181 -167
2 4 1
2 3 2
2 5 3
2 2 5
2 4 5
2 2 4
1 1575 1590
2 6 5
2 6 2
2 5 3
1 -326 -310
2 5 4...