900002 1000000 100000
266642 133040
133040 217035
217035 410323
410323 105177
105177 310679
310679 466576
466576 426206
426206 41074
41074 47835
47835 693010
693010 406653
406653 161751
161751 598989
598989 257038
257038 49686
49686 499916
499916 279273
279273 564317
564317 332251
332251 142679
142679 684132
684132 511957
511957 363780
363780 722168
722168 413161
413161 314216
314216 496644
496644 889876
889876 602019
602019 518886
518886 273608
273608 123370
123370 868779...