30010 356288
3768 11462
1757 22726
27748 600
12971 9330
3515 23000
17922 23689
17221 17757
9330 19603
8598 4635
2613 9758
23653 8598
11211 1593
8598 11215
24580 22964
20282 9330
7319 9758
23910 24505
5044 27748
1551 6670
22914 1551
21289 27086
29334 11614
3768 9568
1551 26207
16668 23000
20016 24643
11930 3768
27741 1551
9758 11316
17922 4710
20986 7037
16838 9330
5193 1551
24562 17922
17922 20838
27748 27861
1902 26146
16546 18022
13051 17922
1390 4681
28293 23000...