66 142
53 52 18366 36766
55 36 23124 44631
29 2 7709 20635
40 2 2578 34311
57 57 22653 55353
8 40 22777 27905
56 6 7871 9758
9 8 8800 36653
36 66 25037 29922
8 57 9761 30946
12 18 10867 21163
58 16 12822 45577
65 37 12038 19045
1 66 22261 47277
45 19 31677 59302
56 52 31982 60370
49 50 478 10693
2 9 174 7535
33 65 4814 19147
58 46 7172 11870
38 25 10039 38493
2 33 27324 43026
50 35 17768 35886
4 57 29146 46269
52 25 24207 30414
34 13 21560 44702
36 42 2814 27760
53 33 1422 4086...