1000 3000
1 2 999999 1000000
1 2 999999 1000000
1 2 999999 1000000
2 3 999999 1000000
2 3 999999 1000000
2 3 999999 1000000
3 4 999999 1000000
3 4 999999 1000000
3 4 999999 1000000
4 5 999999 1000000
4 5 999999 1000000
4 5 999999 1000000
5 6 999999 1000000
5 6 999999 1000000
5 6 999999 1000000
6 7 999999 1000000
6 7 999999 1000000
6 7 999999 1000000
7 8 999999 1000000
7 8 999999 1000000
7 8 999999 1000000
8 9 999999 1000000
8 9 999999 1000000
8 9 999999 1000000
9 10 999999 1000000...