1 100 100 1.85 100 1
0 0 1 100
1 54
1 73
1 53
0 99
1 41
0 67
0 56
0 6
1 72
0 27
0 25
0 80
0 30
0 59
1 46
0 18
0 19
1 82
1 69
1 44
0 64
1 14
1 52
1 42
0 88
0 34
1 21
0 49
1 96
1 32
0 52
1 84
1 23
1 83
1 27
0 72
0 9
0 60
1 68
1 22
1 25
1 39
1 81
0 44
1 11
1 45
0 28
1 97
1 24
0 35
1 51
1 37
0 61
1 78
0 50
1 48
1 79
0 95
1 4
0 75
1 85
0 23
1 8
1 38
1 62
0 65
1 3
0 87
1 20
0 41
0 70
1 71
1 7
1 16
0 43
1 43
1 75
1 2
1 58
1 90
1 66...