2 100 100 2.38 100 1
0 0 2 100
1 98
0 5
1 51
2 15
1 96
2 40
2 61
2 19
1 69
1 54
2 73
1 45
2 17
0 86
2 76
2 63
1 15
0 31
2 47
1 14
2 72
2 60
2 11
1 12
1 48
1 5
2 50
0 39
2 81
0 98
2 89
1 74
0 40
0 25
0 13
1 4
0 9
1 65
0 28
0 42
2 93
2 33
2 13
0 29
0 54
2 1
0 65
2 75
0 47
0 77
0 95
0 35
2 95
1 92
0 82
2 35
1 24
0 33
1 11
1 6
0 63
0 36
2 90
1 72
2 28
1 64
2 34
0 58
1 22
2 5
2 97
1 77
1 39
1 35
2 52
2 98
2 18
2 80
0 61
2 41
2 85...