2 100 100 0.87 100 1
0 0 2 100
2 70
0 98
2 17
2 44
1 58
0 12
1 9
0 57
2 48
2 95
2 15
2 31
1 78
2 35
1 82
0 80
0 77
1 25
1 73
0 14
1 3
2 55
2 86
1 19
2 33
0 46
1 18
1 69
0 100
2 39
0 2
1 54
0 76
1 81
2 87
0 88
1 48
2 29
2 45
2 53
0 74
1 5
0 7
2 62
1 43
0 95
2 77
0 64
2 42
0 34
1 29
2 3
0 26
1 62
0 4
0 37
2 9
1 72
1 77
1 15
1 20
0 90
2 75
2 26
2 5
0 68
0 49
1 40
1 68
1 34
1 99
1 100
1 39
0 27
2 60
2 89
0 33
1 14
0 58
0 22
2 23...