100 100 100 0.01 100 100
53 45 87 66
2 10
77 91
54 26
3 99
5 48
45 58
56 83
27 29
52 81
36 12
28 6
57 21
33 0
80 88
89 52
25 100
74 53
50 100
88 24
27 94
41 71
40 54
25 43
19 82
52 78
28 56
80 11
82 66
88 74
73 13
61 88
67 25
92 93
11 99
78 80
60 37
12 96
5 98
26 84
18 88
25 91
64 6
6 60
35 58
60 76
91 41
72 23
14 21
13 51
33 91
3 0
8 41
87 24
3 14
95 99
30 82
33 80
26 35
52 92
68 80
58 9
53 90
83 51
73 100
99 98
85 81
20 78
70 73
51 27...