100 100 100 0.01 11 81
50 71 92 57
23 30
55 78
90 34
39 34
95 67
73 26
74 8
81 96
92 31
10 25
23 54
41 82
56 47
55 95
80 45
85 39
71 70
74 82
43 31
5 24
9 61
49 2
48 89
42 8
97 5
61 1
70 19
59 45
77 24
11 72
1 45
86 87
12 44
27 85
81 89
96 52
79 98
20 74
90 17
9 1
97 46
61 80
45 57
59 40
98 47
70 99
29 51
80 57
0 68
62 21
65 34
79 92
20 3
56 43
72 70
40 5
73 89
81 19
11 100
96 2
57 1
36 19
29 20
36 72
34 62
74 29
66 32
92 37
15 71
76 4...