10 11 100 3.33 51 61
9 11 1 1
3 1
8 10
5 10
10 5
10 1
5 6
5 4
6 0
8 9
10 3
7 3
4 1
4 10
6 8
9 9
3 11
8 4
1 7
10 9
2 0
5 9
6 10
0 5
8 1
7 1
6 11
7 9
8 3
1 11
2 9
6 4
7 5
5 1
2 2
7 7
1 6
4 3
1 5
4 9
0 4
2 7
3 5
9 1
1 3
7 4
2 6
3 8
9 10
3 7
6 6
0 0
1 8
9 0
5 11
3 2
4 2
1 0
6 5
1 10
4 5
5 3
8 5
9 3
3 9
8 0
4 4
5 2
2 8
1 9
4 8
10 4
4 7
4 11
9 7
3 4
2 11
10 0
6 1
8 2
9 5
1 2
9 6
9 4
10 8
0 2
0 9
4 0
3 10
8 7
9 8
6 3
0 7...