2 90 100 3.14 20 19
1 33 0 63
1 31
0 76
1 17
0 6
1 56
2 62
2 41
2 74
2 11
0 4
1 4
2 9
1 6
1 12
1 60
2 56
1 22
0 70
0 75
0 30
2 25
1 63
1 21
0 79
1 14
1 3
1 70
0 33
1 78
0 1
1 39
1 46
2 78
1 44
0 53
1 62
2 51
2 77
1 51
1 10
2 4
0 61
1 85
1 76
0 88
1 77
1 23
1 9
1 30
1 11
2 24
1 61
2 55
0 85
2 70
2 89
0 26
2 90
0 57
1 58
2 50
0 69
0 86
2 31
0 45
2 57
2 67
1 83
0 81
0 29
1 43
2 19
1 15
0 3
0 25
2 45
1 27
2 85
0 72
1 2
1 32
1 0...