100 9 95 2.33 10 12
38 8 76 9
56 7
53 4
81 4
69 7
52 0
69 5
78 4
84 9
80 8
26 8
92 0
72 1
51 3
85 8
88 0
13 6
22 3
51 7
75 2
86 3
65 0
36 9
2 0
72 8
79 4
87 9
35 2
50 2
67 8
49 8
2 9
52 2
20 7
56 1
59 8
55 4
96 0
42 1
45 4
30 9
1 1
76 8
14 8
35 5
28 1
1 9
90 1
80 5
77 2
23 8
38 9
16 5
18 9
78 2
75 5
32 3
83 7
77 6
48 0
81 9
57 1
59 1
29 6
10 1
41 6
68 5
29 7
0 5
12 7
10 7
67 5
2 5
28 9
16 9
44 5
27 8
11 2
84 7
73 6
25 2
53 3...