274979
116165
268387
8266
238485
109375
109375
238485
1
109916
103137
114078
268387
109375
1
121296
121296
121296
287051
8266
241969
103137
241969
1
268387
135887
241969
109916
135887
274979
103137
1
135887
8266
103137
116165
112929
8266
109916
109916
103137
109375
109916
241969
109375
116165
1
238485
268387
109375
109375
116165
241969
109375
114078
121296
8266
109375
109375
109375
116165
135887
287051
1
268387
238485
241969
112929
112929...