963013
957548
965307
966112
962494
955565
955076
953325
954105
963834
957656
955731
960768
964918
962553
963582
958336
956741
960903
966836
965026
960399
955440
965903
960298
953758
958178
961199
959381
964947
963911
956110
969245
963400
966353
957634
956707
960490
957358
955626
957096
961172
960185
962934
957000
959989
956107
963360
961176
964638
965971
959385
959152
958972
957501
964221
963500
967166
964799
961957
968111
956011
955141
960949...