813314
820142
837386
766707
804264
792822
763277
808636
774439
827738
767740
823521
800672
832197
778890
828507
823062
826409
769346
784088
769396
802606
820334
838006
819608
831245
806220
825011
785388
796953
802179
794045
768678
824590
828201
827610
838414
824328
778975
777893
805056
768908
769126
799897
768662
811038
808048
831189
781957
826424
770695
818104
791015
823899
833586
777356
809904
817000
775740
768348
807761
803729
801601
765591...