970676
970734
970657
970696
970599
970706
970658
970668
970609
970705
970658
970667
970687
970734
970716
970629
970667
970676
970725
970707
970706
970657
970667
970588
970715
970715
970646
970677
970657
970628
970646
970724
970665
970714
970734
970753
970676
970657
970706
970715
970657
970714
970685
970657
970598
970686
970674
970744
970685
970609
970676
970618
970677
970753
970667
970687
970695
970676
970716
970628
970753
970665
970733
970705...