969080
969032
969550
969542
969384
969951
969905
970203
969371
969673
969685
969432
969475
969683
970060
969616
969354
969890
970344
969609
969396
969674
970129
969731
969867
970117
969770
969645
969886
969799
969562
969770
969268
969484
969816
969010
970343
969501
969093
969941
969683
970324
970074
969604
970344
970103
969359
969787
969414
969748
969560
969621
969542
970026
969861
969442
969271
969835
969837
969603
969808
969930
970291
969777...