845248
840561
846758
845478
844341
845026
843510
844634
847684
848313
852013
840696
844131
847927
843325
840983
844574
846092
840070
845137
841125
848130
843642
846355
845771
849571
844565
841863
842526
841041
851070
847559
847126
846161
846572
842132
844172
841936
837403
844283
844568
840239
844703
845470
844645
843858
845235
845296
852341
844035
847912
844424
844629
844023
847838
844943
842426
846808
840502
845559
841220
839715
843923
850399...