496
877
508
1362
416
134
266
435
247
468
712
885
881
425
101
94
181
902
793
22
225
323
784
184
508
153
1227
1158
476
534
1426
402
189
489
610
182
583
271
1233
80
305
165
645
768
103
2
863
410
401
78
1016
26
955
418
1322
164
183
546
1018
980
1154
788
880
876
0
557
862
557
84
371
737
590
925
468
759
326
794
717
73
839
237
28
504
802
693
589
636
896
420
142
161
253
677
900
982
718
583
1053
201
459
366
399
40...