932240
924963
927006
921146
920416
931820
927792
927694
928469
924122
928115
924957
929004
922089
928870
924650
933629
923783
923304
928890
925876
927129
926635
922826
926219
926003
927181
932661
927729
926754
923565
924701
928594
926517
923281
930152
933683
929977
932023
925257
925068
923194
929345
929733
927832
926630
924200
933114
928927
932038
926860
926353
922737
931759
927504
923547
930874
922855
923113
934491
930170
924270
923803
926452...