970886
953475
959617
957862
959691
960286
953510
952707
959217
958601
963822
963617
964467
954244
959773
958478
962705
964926
962204
954986
960419
960783
955826
958675
970385
954975
970178
951345
965353
956166
955748
963213
956893
961423
955261
950965
954824
966432
966862
968817
960092
955445
960349
949606
965069
956431
961654
964480
958931
960605
952445
968566
960935
957457
963818
955290
969754
957365
960438
959397
959065
953590
967362
968819...