672920
672920
672920
672920
672920
672920
672920
672920
672920
672920
672920
672920
672920
672920
672920
672920
672920
672920
672920
672920
672920
672920
672920
672920
672920
672920
672920
672920
672920
672920
672920
672920
672920
672920
672920
672920
672920
672920
672920
672920
672920
672920
672920
672920
672920
672920
672920
672920
672920
672920
672920
672920
672920
672920
672920
672920
672920
672920
672920
672920
672920
672920
672920
672920...