360684
360684
360684
360684
360684
360684
360684
360684
360684
360684
360684
360684
360684
721368
360684
360684
360684
360684
360684
360684
360684
360684
360684
360684
721368
360684
360684
360684
360684
360684
360684
360684
360684
360684
721368
360684
360684
360684
360684
360684
360684
360684
360684
360684
360684
360684
360684
721368
360684
360684
360684
360684
360684
360684
360684
360684
360684
360684
360684
360684
360684
360684
360684
360684...