96432
34440
103320
144648
117096
34440
75768
144648
55104
323736
6888
103320
213528
192864
130872
89544
165312
220416
275520
220416
268632
34440
440832
68880
75768
323736
344400
123984
165312
227304
275520
41328
75768
61992
330624
427056
123984
75768
371952
351288
48216
13776
254856
41328
144648
61992
41328
172200
144648
213528
110208
144648
282408
289296
151536
358176
275520
13776
130872
61992
179088
27552
371952
234192
296184
89544
220416...