799331
791435
796156
802185
798518
793191
795142
798584
794830
796178
791529
792130
797132
797254
803954
798080
792343
796006
797763
790421
796317
795662
796844
804220
792098
801549
797773
798529
796499
793373
801882
801457
796537
794529
801645
796397
795068
798239
797339
797456
792184
798000
796133
798875
796409
802658
803828
803081
793503
792714
795604
799195
799935
797125
802014
803117
794166
802405
799711
797160
800850
791919
797880
796268...