850686
853745
850816
845732
849266
850898
854285
850228
847969
847881
847606
845597
853223
849320
853665
852475
851061
848449
847206
852635
848033
850858
849536
853304
847394
853196
851923
848473
847099
852267
851311
847801
854457
852555
852691
846781
848225
850468
848401
854517
848161
848953
850768
852971
851047
848449
848785
847261
848753
852283
852011
853107
852347
848657
851432
854312
851899
851576
853521
848929
845831
846611
850606
848473...