850520
852683
850273
845538
853997
849089
853507
849975
846229
851152
850495
849413
845916
854335
849105
850297
845838
852619
850978
847397
849201
847365
850412
848121
849625
845728
851705
846644
850149
845010
852939
846931
846329
853454
852699
848145
851286
844954
845305
852651
853709
851634
845489
847567
848425
852260
852115
847085
849873
846421
852267
845898
853139
845846
850774
853651
852419
853452
853227
846279
852883
852787
850688
853051...