841781
846670
848670
842394
842894
846568
848426
844587
842460
849739
843385
845424
847214
847990
843922
845566
841670
843429
844134
843352
838689
844435
844177
845741
847118
842861
850562
844070
846498
844978
840703
846185
846962
844264
850938
836957
841839
844126
843736
849335
836972
845650
844808
845277
842406
848826
844682
841086
846222
844283
844028
843217
848840
842134
839085
846770
838470
845398
842639
840470
846121
844783
841518
846007...