853715
850028
850411
845560
849319
850754
851692
847857
851715
849659
852355
854180
848913
848337
845218
851730
849765
845838
853555
844930
845450
848849
847394
853203
847340
853418
846917
848086
846194
845522
852081
851889
846978
846609
845410
848873
848721
846557
854448
848633
844762
844986
853123
853259
848089
849648
854059
853299
853203
853187
845074
845791
848857
848377
850044
846428
850082
850510
853914
845887
849948
852811
846356
845956...