762594
765462
787616
826783
832161
824172
817828
797327
826883
799270
816598
784400
804022
784539
807404
810313
800650
778199
804241
784748
762082
783961
820931
834551
761071
771919
781364
809867
787064
809638
762796
786738
804328
829968
768905
832940
798963
813988
768919
792011
779332
836309
801980
814466
826082
780829
794465
772252
814150
775811
761532
806399
810250
828423
814571
792885
759924
817128
763642
825046
769420
766788
823241
793618...