5000 100000 4
3985 1541 4579
737 1445 2634
2506 1868 4408
3894 253 3166
4563 4891 768
1083 4864 2971
2334 4942 2099
3278 2510 1913
3915 560 3578
1624 1770 2499
2006 1548 3291
4647 3803 4370
4638 4828 489
2325 1116 2482
1519 4693 4858
1487 380 3091
2329 2921 2519
3616 1087 1825
2415 1148 2334
4595 4235 1165
976 4176 3939
3476 964 1170
3257 3842 4555
3183 504 153
761 3906 1288
3007 3075 2526
1188 422 1673
1433 2725 2041
2913 887 3087
1286 2343 1758
4724 2890 2024
133 770 2708...