50 109 6
32 3 21
10 35 2
1 49 3
33 24 11
25 50 33
25 10 50
19 42 43
1 34 35
27 47 1
13 49 47
50 47 43
39 3 48
47 48 35
16 40 46
41 1 36
23 37 8
29 1 38
34 40 7
32 46 24
3 6 42
21 46 46
24 40 32
28 23 24
47 9 33
50 9 20
6 10 22
7 19 40
1 26 22
19 36 45
40 48 41
35 2 6
10 13 44
47 15 33
36 46 31
18 25 26
10 39 30
14 30 23
24 44 37
31 9 3
9 22 31
18 16 39
34 18 29
22 14 50
3 16 44
16 7 20
4 19 19
41 43 1
23 41 29
11 15 12
31 16 8
32 15 34
20 39 35
11 31 39...