1681
3650
1892
7
280
1189
6271
3713
3765
4133
1202
2805
3906
4649
9207
3778
4940
7192
7414
5918
7326
6188
86
2191
6652
8299
8
3351
8319
7265
4879
3715
17
6005
19
8703
870
26
2749
33
6227
37
3478
40
5181
1243
41
42
3339
45
2192
6027
7675
46
58
62
5753
3155
7989
2193
334
65
1019
4002
70
5248
2923
4603
370
77
8465
4247
79
80
81
82
87
249
89
93
5898
4856
8971
4152
3180
6784
699
914
3262
4605
2454
100
101
106
108
855...