4931 4666
3393 4909
1648 1377
1979 241
2033 1466
211 3079
3190 1732
3148 3046
478 3988
4584 4176
1618 3159
3250 3459
217 1263
233 4452
4008 880
2975 1480
3210 2051
470 3367
2997 4567
160 4362
235 1256
4269 317
2604 448
41 3867
992 4020
4550 3507
3822 1291
1708 4434
3186 3653
3064 372
451 3061
2101 1268
4357 1023
1549 3839
3749 4014
1854 4767
2523 2415
2118 2245
1479 1200
3216 3066
1740 1651
1578 3546
4212 4473
4255 2992
2018 4840
1531 1561
4257 4291
2780 4441...