942
2
4742
1525
1963
276
3650
12
457
106
3861
14
17
20
1400
3818
22
4425
2710
460
659
1224
25
26
2638
30
992
4207
38
1596
910
4271
3095
1039
2733
471
1618
3385
68
3069
73
805
74
3640
3411
84
90
91
392
3644
3231
102
103
105
112
116
2769
124
3543
922
4455
3598
762
135
2548
4399
4498
3423
149
1901
161
1834
165
167
2924
4859
175
176
177
279
918
181
3337
182
2842
187
4232
2442
545
1009
191
3538
1773
195
2848
260
490...