96 91
80 15
6 28
71 69
84 56
37 14
54 70
47 71
84 29
78 36
9 88
80 62
49 66
56 87
65 85
72 17
93 63
90 12
30 53
37 95
65 8
37 65
35 77
59 39
75 23
2 81
60 92
63 21
89 43
26 5
37 27
16 64
77 30
37 16
80 46
37 38
37 54
87 50
37 61
39 34
73 44
49 37
57 93
37 19
57 74
94 96
35 89
49 57
60 79
15 60
25 40
33 82
26 2
83 94
16 68
9 11
57 33
9 26
58 41
52 86
37 52
49 80
10 51
57 90
77 7
49 10
4 3
38 45
96 1
73 6
84 83
80 35
94 48
30 24
20 58...