172
428
2
8
9
12
111
14
262
733
557
23
24
26
28
678
32
669
38
590
497
184
919
101
689
735
785
391
64
213
65
721
720
589
642
569
640
114
79
81
401
487
781
505
104
567
862
684
571
119
120
124
858
296
347
201
849
323
518
818
815
357
373
671
346
668
326
813
900
507
911
162
874
482
708
913
165
879
295
250
906
814
697
249
917
534
568
280
709
587
196
176
768
541
663
316
855
731
578
572
459
360
193
166
167
868...