1000000000 50000 1000000000
633994823 9938779 871430285 876082892
561308511 263350689 685843447 505521543
582277894 105243615 689307567 879695943
153800547 312342572 471971224 457704193
98402335 294391300 447369582 783839687
96081680 29848110 291224936 444921435
320597451 79534057 534313482 388674016
214468378 591325567 289608955 976358898
255141972 321549297 408745587 563190499
14103560 351042498 487126833 687746051
588232403 12954899 793349516 786331959
582507241 29481322 777383815 394425777...