536870912 50000 536870912
209360151 44397851 245737455 200893898
151312127 298465330 327653151 481477233
118421411 118690885 486040104 168928627
187318594 151114338 261780465 450731384
42533107 160399763 68185366 241117387
89390022 137929835 132933919 515015644
9061600 294028158 221756446 381291479
12107436 417457799 216168176 477045902
183620678 76306845 388077904 105223274
284911909 9521298 522366776 527192785
429721762 426171458 470606870 531610420
213749997 279233248 229187840 533257724
23...