536870912 50000 536870911
363391227 34672941 514084744 454186764
32664227 376482478 145434360 408032379
88426662 71969413 380517551 97545095
456060168 66732975 498387543 458257855
189596682 33770316 475245463 278224200
47938729 94710222 94270467 454580505
232322649 119238789 400042052 477811768
308132455 42507881 403458030 375062168
122485263 3668076 531350472 528566669
29127153 103637769 467509855 367386580
28911398 3545738 371336870 333258234
171469200 24340037 189780315 42475918
111732412 4...