536870912 50000 128
250388114 117008292 331592278 415834526
165736568 261328182 512056979 492126391
169098983 296296954 368964520 373684963
299028839 312189985 433492728 339042295
194121112 7640320 377345370 59784378
67595268 274920679 84878200 317325975
238067782 81780369 501067508 109768943
291839614 363701877 498099181 391471526
356325879 262408049 502899587 519350797
24716563 241035052 81041310 488799342
244779680 35685110 439479621 481087730
57534073 136561708 85315704 446468111
273404041...