1000000000 50000 3
295511352 29042057 409929464 379897216
165685212 17067999 185931731 282140916
334806938 357860383 801099736 785676296
224194096 66588869 758120387 817112878
292575413 101242035 504448422 901854111
430966687 68507341 457441436 185180412
88212268 180183163 941825839 366428301
40732387 528832303 391012520 715123597
702626391 156777086 938205676 445582354
746642181 534754641 854293296 764966613
523636657 432024132 574682951 904937045
211175974 48783600 748942445 905820265
274277...