1000000000 50000 4
303225714 84071661 784205896 272350039
463299699 446430173 703928143 865535483
153309046 138311071 200887589 852673147
2036397 440716083 707363824 671908299
205582596 672967665 744661511 911929427
220372903 359485178 323789167 450152052
80368342 41532559 594722982 765044853
456856566 468521627 574650268 795012377
101856406 136139821 808249917 917678217
162343874 71132561 861432960 726435219
168129105 855978660 331736148 976947438
146554064 126705374 192777480 357279996
59248...