1000000000 50000 1000000000
771101635 87521374 772040418 748483663
74256438 546313349 205088947 905273617
974153565 848089701 998214728 971641297
798851159 685350432 921038839 909770118
583165521 675985162 634021677 928667023
853795408 384508024 925263312 519440229
86126724 262407453 207353559 327645285
121481950 3979521 302530359 205436673
759366620 324832445 940351213 861018765
291038231 711940598 477243209 975350811
332272677 244240867 462897761 997931582
166771350 375409996 283336702 648703...