1000000000 50000 1000000000
841976545 269987107 977865817 743691522
49531787 66786296 99298962 255267097
132453841 344919988 488406717 605159211
401836323 152898657 437837635 375945530
560865992 373313013 889383955 533321411
671714639 419721003 904784000 661630643
729298999 182628539 935777933 556388648
82899352 64820519 156862329 191948396
737708300 141341194 966368496 978739947
46904100 38353109 532488749 921875422
148925803 72055655 477355140 331454751
312788526 498147183 343760914 522348680...