1000000000 50000 1000000000
179937610 336050993 237479865 825914012
62821866 526049890 321430452 919799729
253895956 129674990 972157606 689950688
20339738 389513703 176584927 511272563
92022832 443223013 931185845 871647625
691171632 230787168 762197256 995119484
276108473 100114904 483364412 400711936
247163473 162144589 359303660 664132340
540870993 24800950 705523093 908835686
199361642 155271232 726416040 481653732
460378130 626916534 713313025 970475855
46669988 577375848 658106073 797788...