1000000000 50000 1000000000
27969351 645124202 514926191 956484039
119483701 603064018 457797659 965816025
230014777 247796466 505523427 337127628
491700595 676279786 668117609 998587816
174776143 19246399 547600860 154098564
63564527 799239685 650807020 838270111
395205528 145631155 641304550 615590444
824863665 733742336 914533023 820860579
500785689 398949776 514675221 874527495
155118093 128131736 934984678 719077711
189930456 229717721 255766036 322801298
271690546 233382258 475372581 9630...