1000000000 50000 1000000000
500041040 12292001 500051040 12302001
500185813 40778001 500195813 40788001
500161761 35102001 500171761 35112001
499986045 4077001 499996045 4087001
500163437 33241001 500173437 33251001
500162176 35810001 500172176 35820001
500119394 29830001 500129394 29840001
500159939 37639001 500169939 37649001
500092025 25376001 500102025 25386001
500090477 27045001 500100477 27055001
500001207 5166001 500011207 5176001
500098963 25028001 500108963 25038001
500168149 37478001...