1000000000 49982 1000000000
499950967 14935001 499960967 14945001
499826881 34930001 499836881 34940001
499787576 42219001 499797576 42229001
499957776 16705001 499967776 16715001
499864993 45054001 499874993 45064001
499943162 14565001 499953162 14575001
499850980 47998001 499860980 48008001
499823437 39925001 499833437 39935001
499838212 43665001 499848212 43675001
499859417 29454001 499869417 29464001
499977763 2869001 499987763 2879001
499840764 29869001 499850764 29879001
499973142 209500...