1000000000 50000 1000000000
499917748 8575001 499927748 8585001
499976582 16367001 499986582 16377001
499961706 6271001 499971706 6281001
499976925 16766001 499986925 16776001
499787157 39112001 499797157 39122001
499817624 38197001 499827624 38207001
499888816 22677001 499898816 22687001
499943336 27687001 499953336 27697001
499956681 6909001 499966681 6919001
499826386 33475001 499836386 33485001
499687040 47687001 499697040 47697001
499861719 30967001 499871719 30977001
499897803 30188001 4...