1000000000 50000 1000000000
500030453 10449001 500040453 10459001
500026001 37743001 500036001 37753001
499989421 6491001 499999421 6501001
500051348 15690001 500061348 15700001
500096236 23904001 500106236 23914001
500079317 44304001 500089317 44314001
500129075 21322001 500139075 21332001
500043463 39654001 500053463 39664001
500069160 15813001 500079160 15823001
500079214 17118001 500089214 17128001
500094365 31989001 500104365 31999001
500039423 34402001 500049423 34412001
499976392 398500...