5000
-10000 10000 -10000
5935 -2133 4420
7405 -4848 4849
7271 -313 954
7026 -9350 9765
5003 -6874 2468
5570 -7646 5219
2229 -4277 3133
6237 -1699 5969
2495 -5260 7512
1122 -7273 9786
8215 -5044 499
9487 -4317 1085
342 -3524 2206
1195 -640 9425
4555 -2251 9562
6641 -7189 3497
7633 -7484 5922
6087 -1886 1065
1650 -4704 5481
5708 -9359 2049
9335 -3039 9101
620 -3720 1767
5043 -944 5348
3398 -2508 304
9602 -6574 4968
7168 -8850 2272
7075 -8330 4116
1913 -5100 5468
2314 -7727 8630...