20 100
0 996319 997121 0 0 0 0 0 0 0 0 0 0 0 0 0 0 0 0 0
0 0 1 992860 0 0 0 0 0 0 0 0 0 0 0 0 0 0 0 0
0 1 0 0 996399 0 0 0 0 0 0 0 0 0 0 0 0 0 0 0
0 0 0 0 1 999649 0 0 0 0 0 0 0 0 0 0 0 0 0 0
0 0 0 1 0 0 993521 0 0 0 0 0 0 0 0 0 0 0 0 0
0 0 0 0 0 0 1 995981 0 0 0 0 0 0 0 0 0 0 0 0
0 0 0 0 0 1 0 0 992059 0 0 0 0 0 0 0 0 0 0 0
0 0 0 0 0 0 0 0 1 994165 0 0 0 0 0 0 0 0 0 0
0 0 0 0 0 0 0 1 0 0 990794 0 0 0 0 0 0 0 0 0
0 0 0 0 0 0 0 0 0 0 1 992352 0 0 0 0 0 0 0 0
0 0 0 0 0 0 0 0 0 1 0 0 994829 0 0 0 0...