17 44
0 0 0 0 0 84 0 0 0 0 0 0 0 0 0 0 0
0 0 0 0 0 0 188 0 0 0 0 0 0 0 0 0 0
0 311 0 0 80 0 0 0 0 0 0 323 0 0 0 0 0
141 0 0 0 0 0 0 0 0 0 361 0 0 0 0 0 332
0 0 0 0 0 0 0 0 0 313 0 0 0 0 0 0 0
0 0 0 0 0 0 0 0 0 0 0 189 0 0 0 0 0
0 0 0 0 0 0 0 0 0 0 0 0 0 391 0 0 0
0 0 0 0 22 0 0 0 0 0 110 0 0 0 0 0 0
0 0 0 0 0 0 0 0 0 0 99 0 50 0 0 0 0
0 0 311 0 0 0 172 0 0 0 0 0 0 0 0 0 0
0 0 0 0 0 0 0 0 305 0 0 0 0 27 0 0 0
0 0 0 343 0 0 0 0 0 0 0 0 0 0 0 0 0
0 0 0 0 0 0 0 25 0 0 0 0 0 0 201 0 0
0 0 0 0 0 0 ...