18 83
0 0 0 0 0 0 0 0 0 0 0 89 0 0 272 0 0 0
0 0 0 0 0 0 0 0 0 0 0 0 260 0 0 0 0 0
0 0 0 0 0 0 0 0 0 0 0 0 0 0 0 0 0 0
0 0 0 0 0 0 0 0 0 0 0 0 0 0 0 0 0 0
0 0 0 0 0 0 0 0 0 0 0 0 0 0 0 0 0 0
0 288 0 0 0 0 0 0 0 0 0 0 0 0 0 0 0 0
0 224 0 0 0 0 0 0 0 0 0 0 0 0 0 0 2 0
0 0 0 0 0 0 0 0 0 0 0 0 0 0 0 0 0 0
0 0 0 0 0 0 0 0 0 0 0 0 0 0 341 0 0 233
0 0 0 0 0 0 0 0 0 0 0 0 0 0 0 0 0 0
0 0 0 0 0 0 0 0 0 0 0 0 0 0 377 0 0 0
0 0 0 0 0 0 0 0 0 0 0 0 251 0 0 0 0 0
0 0 0 0 0 0 0 0 0 0 0 0 0 0 0 0 324 0
0 0 ...