17 316
0 0 0 8237 0 0 0 0 0 0 0 0 0 0 0 0 0
0 0 0 0 4960 0 0 0 0 0 0 0 0 0 8622 0 0
0 0 0 0 0 0 0 0 0 0 0 0 0 0 0 0 0
0 0 0 0 6765 0 0 9398 8016 0 0 0 8993 0 0 0 5302
0 0 7234 0 0 0 0 0 0 0 0 0 0 0 0 0 0
0 0 0 0 0 0 0 0 0 0 0 0 0 0 0 0 4656
0 0 0 0 8541 0 0 0 0 0 0 0 0 0 0 0 4603
0 0 254 0 0 0 0 0 0 0 0 0 0 0 0 0 0
0 0 0 0 0 3943 0 0 0 0 0 0 0 7586 0 0 0
0 0 0 0 1138 0 6141 0 0 0 0 0 0 0 0 7087 0
0 0 0 0 0 0 6242 0 0 0 0 0 0 0 0 0 0
3422 0 0 5596 3358 0 0 0 0 0 0 0 0 0 0 0 0
0 0 0 0 0 114 0 0 ...