17 353
0 0 0 0 0 0 0 0 0 0 0 0 6793 0 0 0 0
0 0 0 7383 0 0 0 0 0 0 0 0 0 0 0 0 0
0 0 0 0 0 0 0 0 0 0 0 0 0 0 0 4714 0
0 7792 0 0 0 0 0 0 0 0 0 0 0 0 0 0 9180
0 0 0 0 0 0 0 7362 0 0 0 0 0 0 0 0 0
0 0 0 0 0 0 0 3651 0 0 0 0 0 0 4534 2510 0
0 0 0 0 0 0 0 0 0 0 0 0 0 0 0 638 0
896 0 0 0 0 0 0 0 2867 0 0 6766 0 0 0 0 0
0 6268 0 0 0 0 0 0 0 0 0 0 1258 0 4313 0 3541
0 0 9998 0 0 0 4076 0 0 0 0 5462 0 9025 1040 0 0
0 0 0 0 6519 0 0 0 0 0 0 0 0 0 0 8400 0
0 0 0 0 0 8375 0 0 0 0 0 0 0 0 0 0 0
0 0 0 0 34...