22 420
0 0 15719 0 0 0 0 0 0 0 0 0 0 0 0 0 0 49757 0 0 0 0
0 0 0 0 0 0 0 0 93971 0 0 0 0 0 0 0 0 0 0 0 30086 0
0 0 0 0 0 62313 0 0 0 0 0 0 0 16036 0 2031 0 0 0 0 0 0
0 0 0 0 0 0 0 0 0 0 0 0 0 0 50009 81613 0 46194 0 0 0 0
0 0 0 0 0 0 0 0 0 0 0 0 0 0 0 31363 0 34786 85817 3859 0 0
0 0 0 0 0 0 0 0 0 0 0 0 0 0 27543 3480 0 0 0 0 0 0
7403 0 0 0 0 0 0 0 0 0 90141 0 0 0 0 0 0 0 0 0 0 0
0 0 0 2702 0 15035 0 0 0 0 0 0 0 0 49045 0 0 0 0 0 0 22588
0 0 0 0 0 0 0 21608 0 0 0 93801 0 143 8860 0 0 0 0 0 0 0
0 ...