16 919540 100
3 8
3 10
10 1
1 14
13 3
9 13
14 6
5 3
8 4
14 12
16 1
13 10
2 10
9 12
5 10
8 12
7 14
15 11
2 6
5 3
15 16
8 14
5 7
15 14
5 14
8 6
8 7
7 6
10 1
7 15
9 12
11 14
2 7
3 7
3 10
9 13
5 2
16 11
10 1
4 16
4 2
5 12
9 8
5 4
5 3
7 12
13 3
3 15
5 6
1 14
9 6
9 12
8 2
16 1
10 11
7 6
16 14
14 6
8 12
8 14
2 6
5 16
9 14
10 14
7 11
13 16
13 15
8 16
2 7
9 5
5 3
4 16
3 11
3 2
13 10
4 15
5 8
5 7
1 12
16 6
15 1
9 16
16 10
5 14
2 10...