16 2001 94
12 13
11 1
8 3
8 11
11 5
8 2
8 9
7 15
6 11
8 6
10 13
13 11
7 5
6 3
14 2
15 10
3 4
9 1
14 10
14 15
11 1
12 15
2 10
6 5
2 6
16 2
8 7
16 6
7 2
15 9
3 15
13 5
11 4
14 10
6 11
12 10
13 4
12 6
1 4
2 10
6 15
14 12
14 3
14 16
14 7
15 9
14 3
7 16
8 2
7 16
3 4
7 9
11 1
16 2
3 1
8 1
8 15
16 4
14 8
10 1
15 10
12 3
16 6
14 6
8 11
2 11
1 4
4 5
15 5
8 9
12 6
3 1
3 5
7 4
14 9
15 11
14 3
11 5
12 1
9 13
12 10
4 5
11 5
7 12
14 11...