16 2001 96
12 16
1 7
5 4
13 12
6 12
11 16
16 7
1 14
2 11
3 11
6 3
3 10
13 3
5 1
4 12
10 11
9 5
6 15
3 2
8 12
13 8
4 6
5 1
15 7
15 12
5 1
1 11
5 15
5 15
12 16
10 14
9 11
4 2
15 11
6 8
5 3
1 4
13 6
12 3
10 7
13 15
1 16
13 14
7 14
5 7
4 8
9 13
15 3
9 15
5 2
1 14
12 7
9 14
6 2
5 2
6 11
4 10
8 14
9 14
4 7
15 10
9 8
10 16
1 6
1 11
1 10
1 4
1 14
5 8
8 12
6 16
2 16
5 12
6 10
13 8
4 3
12 16
6 7
9 7
5 11
9 13
9 14
6 8
1 14
9 4
3 2...