1000
75 5960
1 70774
57 17325
3 15648
16 91397
98 40535
33 75315
66 32454
67 30708
73 94531
70 53334
66 7737
87 99974
47 94186
50 31674
36 90934
4 31390
33 79383
53 58087
48 84776
79 3380
89 36922
52 63410
68 33900
53 47946
58 95338
46 19374
33 16695
54 50044
79 19007
37 27516
63 355
13 96928
45 78973
56 32803
56 89264
9 34993
87 54051
55 89194
93 54359
65 5167
3 84692
36 89872
55 55817
16 98113
11 48762
84 48612
22 1231
85 53942
75 41990
26 1787
8 33897...