100000
62808 53044
42404 53523
17001 11430
28132 57900
10429 13365
44745 47339
14287 13652
6894 31882
84093 29228
67283 18695
60297 93076
40573 37177
10169 26062
43187 45087
87831 67138
70563 34212
3441 96290
93499 1338
22266 68003
17008 90165
87815 23673
91770 20637
72404 86613
32534 32431
95869 86888
75427 53424
28933 45099
33157 31203
11058 50986
81382 55531
74094 24604
82896 92187
38760 13128
25044 46725
90769 45236
16038 36898
69440 19801
62558 51833
96238 23603...