99999
56964 93000
51551 41528
75297 85843
83432 79119
56073 51790
50049 13703
43952 21677
7304 49465
35808 11588
64078 97458
8533 78785
22171 92083
22847 5418
9034 24881
29603 63878
8904 94526
84955 64645
16345 52040
81745 19736
15220 79785
49960 32483
37410 33363
40051 68240
88226 5101
97596 34879
6600 76937
80511 72885
93306 34279
31884 576
70578 96
82248 2876
21311 90247
42124 98505
16099 29046
7077 32081
57846 42944
15730 94609
6850 39246
57866 43149
22597 79637...