99992
7191 10059
1235 35554
8029 13364
68793 1
92848 0
9929 44627
7008 34788
4101 32122
1557 2823
9407 25257
9064 4490
93444 4
8628 18468
73492 1
74534 8
91223 6
81000 8
63153 10
2493 30418
97521 6
1324 4526
2018 28483
6135 33742
6138 5884
9653 24721
90496 0
567 29745
75057 8
93300 5
99818 6
65032 4
98844 2
5230 12919
72224 0
88251 10
86951 9
66248 10
5409 4717
64744 6
76310 7
73419 10
794 19802
97023 1
60540 10
96140 3
2022 25974
8672 47735
63477 8
74452 9...