99993
73277 1
22 34691
9800 22701
6279 42671
1982 45084
4268 49128
4904 36346
3926 36
83346 7
89011 5
8423 34544
3588 23089
4083 24246
1588 28624
84379 0
810 37947
94168 9
71336 8
90981 6
73212 7
81852 4
1095 13684
78432 5
78589 8
98848 3
91230 0
5998 25060
80708 2
574 36479
60798 1
85860 5
72092 2
9021 2952
8541 47637
85728 0
65344 6
74569 1
68838 1
3840 10939
86549 6
4533 25239
80896 9
64683 7
91543 10
3993 47092
73844 4
4107 8182
82329 7
87392 7
99208 4...