100000
1 25000
1 24999
1 24998
1 24997
1 24996
1 24995
1 24994
1 24993
1 24992
1 24991
1 24990
1 24989
1 24988
1 24987
1 24986
1 24985
1 24984
1 24983
1 24982
1 24981
1 24980
1 24979
1 24978
1 24977
1 24976
1 24975
1 24974
1 24973
1 24972
1 24971
1 24970
1 24969
1 24968
1 24967
1 24966
1 24965
1 24964
1 24963
1 24962
1 24961
1 24960
1 24959
1 24958
1 24957
1 24956
1 24955
1 24954
1 24953
1 24952
1 24951
1 24950
1 24949
1 24948
1 24947
1 24946
1 24945...