100000
512 37
49 39
875 88
121 99
417 22
978 92
52 17
119 45
558 97
38 88
402 7
730 30
955 55
145 25
627 45
678 58
902 94
944 16
460 92
898 36
138 56
689 55
905 38
673 26
566 45
425 11
673 10
314 53
838 59
155 41
799 10
624 33
847 10
767 38
336 10
953 14
198 80
375 51
67 80
907 24
881 80
778 74
611 50
145 42
108 16
709 81
909 58
921 99
76 62
756 76
280 53
712 18
910 70
228 56
439 74
763 36
959 51
307 45
24 46
623 17
661 40
14 73
511 23
841 19...