100000
39845 7
36811 1
5808 5
64320 7
25148 0
61889 8
33418 4
57458 8
80061 3
40471 3
63517 2
23740 1
52216 2
77934 8
62300 4
94688 4
61823 0
16679 3
56119 1
75582 1
17218 7
79683 3
59648 4
67512 9
25651 2
78755 2
88166 2
75630 1
18755 4
39176 10
40923 4
53185 2
25699 2
41778 8
19025 0
79347 5
323 9
98275 4
58552 3
27589 5
60212 7
28349 4
51297 1
29174 9
72937 10
43903 0
7709 0
98121 4
98481 1
21131 1
96797 1
22047 3
78813 9
68802 10
48690 6
81687 10...