100000
73074 19
25486 79
23657 10
66896 76
24186 21
9724 36
39867 21
77378 70
41174 48
28007 35
98472 83
79489 85
51938 19
56796 22
39404 10
67287 96
67581 91
44872 86
77764 31
21524 31
83074 81
86200 82
99534 41
76739 37
63888 2
5081 65
15718 18
66705 99
81826 11
3480 59
13481 44
5581 53
92981 51
56994 82
22293 69
30497 92
73416 51
19621 36
91237 63
83133 34
73303 42
20908 1
35705 78
90796 72
32734 60
82118 43
44715 89
31291 22
31739 49
50495 90
84026 91...