100000
1 16667
1 16666
1 16665
1 16664
1 16663
1 16662
1 16661
1 16660
1 16659
1 16658
1 16657
1 16656
1 16655
1 16654
1 16653
1 16652
1 16651
1 16650
1 16649
1 16648
1 16647
1 16646
1 16645
1 16644
1 16643
1 16642
1 16641
1 16640
1 16639
1 16638
1 16637
1 16636
1 16635
1 16634
1 16633
1 16632
1 16631
1 16630
1 16629
1 16628
1 16627
1 16626
1 16625
1 16624
1 16623
1 16622
1 16621
1 16620
1 16619
1 16618
1 16617
1 16616
1 16615
1 16614
1 16613
1 16612...