38 190
0 0 100 0 100 0 0 0 100 0 100 0 0 100 100 100 100 0 100 100 0 100 100 100 0 100 0 100 100 0 100 100 0 0 0 0 0 100
100 100 0 100 0 100 100 100 0 100 0 100 100 0 0 0 0 100 0 0 100 0 0 0 100 0 100 0 0 100 0 0 100 100 100 100 100 0
2 20
3 8
27 14
22 18
1 11
27 20
13 15
21 28
28 35
25 14
37 9
24 36
7 9
37 22
17 21
20 21
14 37
1 26
1 22
36 16
30 28
32 18
27 17
31 2
28 4
29 30
9 13
1 20
21 15
32 10
1 17
6 15
26 8
20 30
17 8
36 32
19 8
9 27
23 1
29 27
30 32
18 31...