YES
0 0 0 3 0 0 0 0 0 0 0 0 0 0 0 0 0 0 0 0 
0 0 0 0 0 0 0 0 0 0 0 0 0 0 0 0 0 20 0 0 
0 0 4 0 40 0 0 0 0 0 0 0 0 0 0 1 0 1 0 0 
0 0 0 6 6 0 0 0 0 0 9 0 0 0 0 4 0 0 0 0 
0 0 0 11 0 0 0 0 0 0 0 0 0 0 0 0 0 0 0 0 
4 0 0 0 0 0 0 0 71 0 0 0 0 0 1 0 0 0 19 0 
0 0 0 0 0 0 2 0 0 0 41 30 0 0 0 2 0 1 0 0 
0 0 0 24 0 0 0 1 0 0 6 0 0 0 0 0 0 0 0 0 
0 4 20 0 0 0 6 0 0 0 0 0 0 0 8 0 0 0 0 0 
0 0 39 11 0 0 0 0 0 12 0 0 0 0 0 0 0 6 0 0 
0 0 0 9 0 31 0 0 0 5 2 0 0 0 0 1 0 0 0 0 
0 0 0 13 4 0 0 0 0 0 0 1 0 0 0 ...