YES
0 0 19 0 0 0 0 0 0 0 0 0 0 0 0 0 0 0 0 0 
0 4 0 1 24 0 18 0 0 0 0 0 1 0 0 0 0 0 0 0 
0 0 0 0 0 0 0 0 0 0 0 0 0 0 0 0 0 0 1 0 
1 60 13 2 0 0 0 0 0 1 0 0 0 0 0 0 0 0 0 0 
0 1 0 0 22 0 19 11 0 0 0 0 0 0 0 0 0 0 0 0 
0 0 0 0 0 2 1 0 0 0 55 21 2 0 0 8 0 0 0 0 
0 0 0 0 1 76 20 0 0 0 0 0 1 0 0 0 0 0 0 0 
0 0 0 0 0 0 0 11 1 0 0 0 0 1 0 0 0 0 0 0 
0 0 0 0 0 0 0 48 2 0 0 0 3 0 0 0 0 0 0 0 
4 0 0 58 0 0 0 0 0 22 0 0 13 0 0 0 0 0 0 0 
0 0 0 0 0 4 0 7 0 0 5 6 0 0 2 0 0 0 0 0 
0 0 0 0 0 0 0 0 0 0 0 29 0 ...