600
1092 1199
79 1199
940 1199
159 1199
516 1199
979 1199
456 1199
392 1199
862 1199
210 1199
192 1199
945 1198
413 1199
581 1199
830 1199
267 1199
708 1199
496 1199
1083 1199
386 1199
579 1199
66 1199
372 1199
201 1199
906 1199
26 1199
819 1199
407 1199
473 1145
106 1199
624 1199
613 1199
188 1199
222 1199
363 1199
96 1199
619 1199
1019 1199
379 1199
1 1199
1024 1199
1 1199
361 1199
1023 1199
324 1199
187 1199
909 1199
661 1173
440 1199
721 1199
552 1149...