600
642 894
1 1199
1 309
1 359
1 724
1 347
1 1168
1 1102
1 580
1 941
1 707
1 1132
1 268
1 582
1 360
1 316
1 30
1 975
1 254
1 914
1 333
1 908
1 890
1 987
1 199
1 1069
1 548
1 970
1 464
1 492
1 764
1 715
1 1068
1 226
1 593
1 862
1 724
1 901
1 446
1 539
1 627
1 316
1 869
1 720
1 1152
1 963
1 547
1 489
1 740
1 1175
1 613
1 223
1 162
1 539
1 937
1 28
1 667
1 357
1 343
1 863
1 980
1 155
1 434
1 1035
1 490
1 460
1 1082
1 137
1 964
1 391
1 190...