600
1 873
525 1199
1 1022
1 126
1 908
1 609
1 508
1 71
1 82
1 881
1 791
1 888
1 239
1 260
633 1199
1 228
1 145
1 591
1 627
1 653
1 639
1 199
1 469
1 615
1 104
1 955
1 575
1 604
1 1043
28 283
1 898
1 644
1 1199
1 481
1 585
1 582
1 470
1 211
1 278
1 1192
1 330
1 1077
1 740
1 626
1 244
1 1050
1 751
1 1066
1 701
1 479
1 539
1 258
1 990
1 856
772 1199
1 231
1 334
1 359
1 783
1 406
1 313
1 1199
1 739
1 265
1 992
1 566
1 406
1 470
1 1042
1 867...