600
1 1149
1 1070
1 1019
1 750
1 516
1 1199
1 191
1 1032
1 817
1 1199
20 463
1 1176
1 953
1 1199
1 400
1 1174
1 532
1 725
1 589
1 324
1 249
1 335
1 513
1 408
1 867
1 835
1 45
1 424
1 674
1 978
1 917
1 777
1 242
1 448
1 65
1 815
61 354
1 542
58 557
1 1046
1 1147
1 597
1 1199
1 555
1 1042
1 1080
23 572
1 854
1 552
1 748
1 689
1 569
1 519
1 327
1 398
5 21
1 258
1 138
1 192
1 447
1 299
1 568
1 1199
1 146
1 1084
1 1170
1 610
1 956
1 66
1 834...