502
170
160
3
745
115
254
550
623
47
133
45
312
288
60
145
139
327
395
220
21
42
573
216
459
579
180
487
405
555
338
393
422
441
871
258
691
31
332
218
773
249
36
894
482
469
2
78
180
0
911
43
531
377
58
440
1049
383
45
261
113
1026
230
168
232
54
252
67
63
103
76
18
496
211
117
389
704
16
391
68
8
266
25
813
94
758
36
827
32
214
223
679
103
13
200
74
779
493
753
344
120
388
1
303
163
187
160
1017
4...