300
33
29
3
9
22
4
34
29
14
6
2
18
11
31
42
15
26
4
1
28
41
37
8
37
37
21
14
23
31
9
13
24
28
30
29
2
11
19
3
20
29
4
33
10
3
29
27
37
29
38
23
33
17
33
3
26
40
4
28
30
42
27
25
23
8
31
35
26
38
28
32
30
25
32
19
23
34
39
17
13
42
22
6
20
26
29
14
39
19
5
33
28
31
3
33
32
31
19
35
18
26
10
36
3
3
13
30
24
41
4
33
9
1
30
22
14
16
10
26
4
8
15
33
20
18
39
38
8
28
30
3
35
3
32...