300
6
14
9
67
15
90
2
80
82
5
17
18
8
105
10
126
145
12
25
5
2
2
15
18
11
126
14
4
28
39
1
1
7
10
2
2
9
88
70
4
91
117
104
17
146
72
17
12
9
12
34
2
91
94
101
2
108
22
20
44
115
1
2
13
1
9
2
27
27
6
45
2
8
11
16
34
7
138
7
2
66
20
43
9
20
77
30
6
7
8
4
81
3
2
63
1
1
11
17
2
69
27
5
5
34
63
1
14
27
1
16
4
108
28
43
3
117
97
133
12
14
11
44
10
22
2
8
3
7
20
2
53
9
3
88
2
3...