500
6
2
6
6
10
5
8
3
4
5
8
6
5
9
8
8
8
8
9
4
10
5
9
2
1
1
3
7
3
10
10
5
5
9
10
3
7
4
3
10
8
10
4
7
3
2
7
9
7
3
10
7
9
5
5
9
5
6
6
1
6
6
5
6
1
8
2
3
1
1
8
2
1
9
9
8
10
9
3
10
3
2
8
1
7
8
8
5
7
5
1
6
3
10
3
6
10
10
4
7
5
9
3
5
8
4
9
10
7
2
1
6
5
3
9
3
4
2
9
2
10
10
7
10
2
9
3
1
5
9
8
4
9
4
10
5
2
10
3
10
4
6
7
7
5
6
5
6
5
9
8
1
6
1
8
10
4
7
1
8
9
2...