80
80
76
70
84
83
71
73
58
64
75
83
62
72
78
74
86
82
83
80
73
79
75
81
75
71
77
82
83
71
80
81
82
69
80
70
70
84
70
77
80
74
80
84
74
79
76
81
76
68
65
82
68
63
84
86
64
76
78
79
70
72
66
69
77
86
68
71
78
69
71
63
74
66
73
69
69
84
72
76
80
88
64
58
73
76
64
64
80
78
72
71
75
80
81
78
68
71
70
84
66
67
87
69
76
66
67
62
67
67
75
73
66
82
61
81
72
72
71
70
68
68
81
77
74
66
71
84...