1000 4422
704 716
313 335
333 340
689 695
917 937
922 928
229 233
778 803
858 877
15 40
11 18
735 749
345 352
942 948
944 954
910 926
364 369
668 682
555 572
632 637
683 699
818 828
130 162
955 965
879 894
126 143
877 891
515 532
895 899
866 878
550 568
419 427
250 265
638 654
565 591
980 989
800 811
829 844
674 675
757 766
972 978
614 632
923 928
65 74
328 337
600 618
892 915
580 595
8 18
924 928
7 22
823 833
702 716
567 589
895 915
917 944
721 740...