1000 3295
623 631
193 198
629 654
912 917
912 916
659 673
863 867
539 553
920 930
814 825
956 973
890 897
910 923
712 723
845 860
963 990
947 977
858 867
816 832
222 231
317 322
599 616
947 970
710 728
749 761
895 903
940 953
622 640
873 889
405 409
960 976
987 994
670 674
327 347
901 920
59 77
849 861
658 667
854 883
632 649
510 527
965 981
978 1000
972 977
11 45
664 666
948 954
429 450
171 195
440 444
612 621
943 983
819 841
934 955
220 233
914 933...