50 141
3 19
21 31
3 25
38 49
33 46
27 33
18 23
23 36
25 35
35 43
10 25
21 39
15 37
35 50
11 17
6 28
20 30
29 46
22 46
33 50
27 36
21 42
27 46
27 41
7 25
6 20
40 43
34 47
27 39
27 47
27 37
9 25
19 21
19 37
3 30
28 31
39 48
28 48
41 49
11 30
2 23
41 44
29 45
28 41
39 44
2 16
29 49
36 43
21 40
29 42
40 45
8 26
42 49
4 16
41 43
31 45
39 43
2 26
29 47
23 47
30 49
39 50
32 47
10 27
5 18
30 35
14 25
37 44
20 35
24 41
22 47
29 34
4 24
27 38...