50 167
38 47
12 27
41 48
5 25
22 43
32 42
18 29
36 50
27 39
20 36
25 50
17 47
25 48
41 46
26 42
7 32
27 48
30 47
7 23
22 42
40 47
19 36
3 17
20 42
9 27
40 49
30 45
39 47
25 40
26 38
8 17
12 18
16 41
43 50
27 44
36 47
9 33
5 26
32 44
24 39
23 32
23 36
23 26
11 19
40 46
32 36
15 37
22 26
42 46
38 46
31 43
36 46
24 37
21 25
4 29
27 36
26 40
4 23
3 27
28 35
26 35
15 32
33 47
32 35
35 49
40 48
42 44
33 46
8 30
43 47
12 25
35 45
1 28
2 23...