100 342
67 81
83 96
79 98
87 96
70 85
51 79
31 52
39 50
71 96
68 84
11 30
28 44
58 83
8 20
38 68
36 40
87 93
31 57
53 69
77 88
71 83
70 97
53 60
57 63
77 100
73 98
55 78
25 32
24 40
42 64
51 64
84 99
73 95
67 79
54 68
65 85
40 62
43 64
69 85
85 90
68 83
61 87
78 92
67 78
75 92
84 93
10 11
6 17
74 90
45 60
32 45
42 61
58 75
57 77
50 58
63 69
70 91
87 95
79 82
45 52
35 43
44 53
55 79
55 59
77 83
74 87
23 42
17 30
38 53
37 53
56 63
65 81...