100 422
77 86
75 85
12 22
72 84
55 76
31 45
53 70
19 27
71 76
35 51
65 87
23 46
46 57
88 96
28 31
41 71
6 14
78 87
69 88
14 30
17 33
87 100
18 30
75 93
14 23
76 93
64 72
84 91
50 69
12 36
78 98
82 99
3 20
19 33
60 73
67 78
52 81
13 31
35 43
10 21
70 84
54 78
78 92
74 95
73 100
18 33
31 43
57 71
84 96
64 65
11 32
34 54
47 64
81 84
14 35
1 17
69 72
59 82
79 92
86 98
79 86
18 24
89 94
67 84
11 27
36 63
27 40
14 38
80 98
68 79
29 39
66 72...