200 713
74 99
91 108
79 85
158 175
155 178
59 76
125 151
170 178
179 185
38 44
125 140
93 113
175 192
112 139
9 23
147 158
112 131
167 184
148 165
177 189
191 197
159 177
24 25
182 200
15 36
139 149
7 15
164 191
185 198
148 155
172 193
163 187
166 184
175 191
182 194
162 177
167 176
170 191
63 72
168 176
114 127
88 105
167 189
148 160
89 110
92 116
128 147
169 192
145 170
91 113
156 178
171 173
172 191
8 31
96 105
44 60
103 132
75 96
99 107
17 35...