200 755
172 184
52 77
186 200
119 126
187 189
177 186
65 91
188 190
170 186
152 157
167 199
162 167
180 190
170 197
177 194
165 179
123 134
20 30
153 165
15 36
89 96
165 173
167 187
176 190
143 152
91 104
134 154
129 141
164 183
188 192
94 107
174 192
185 189
169 183
142 157
80 104
169 192
66 81
171 199
174 186
34 55
51 77
143 166
135 152
95 98
156 178
181 198
153 166
69 100
94 100
162 185
164 187
86 99
69 90
123 144
138 149
89 106
131 152
117 123...