500 1935
378 384
41 55
454 476
348 358
400 415
340 349
113 122
393 420
169 182
420 436
323 346
431 448
265 283
485 491
175 196
487 499
462 473
478 487
141 144
234 246
89 94
423 443
472 495
196 199
264 273
386 401
476 497
422 433
366 367
29 34
209 233
466 474
344 355
203 224
305 313
386 399
414 431
483 490
117 120
369 374
372 377
361 374
6 24
315 336
426 449
458 461
290 301
444 454
10 23
225 231
453 471
179 207
387 409
107 117
408 423
425 444
263 295...