50 182
5 10
15 29
36 37
8 25
8 23
21 47
11 19
32 43
30 43
5 9
12 27
14 21
11 24
10 32
21 41
36 47
24 39
27 38
20 39
25 48
17 38
27 44
25 34
24 36
23 28
36 48
8 14
29 44
23 40
36 43
15 31
35 38
26 49
32 40
13 18
26 29
31 45
19 43
32 39
20 40
31 38
21 32
18 38
11 21
35 42
19 50
33 38
29 37
14 33
26 41
31 43
33 49
11 16
35 44
3 10
27 43
20 48
35 49
4 18
31 40
1 24
29 39
13 17
14 22
31 47
18 34
8 20
26 47
9 20
28 40
20 44
6 9
1 16
22 39...