100000 300
-713 114
273 121
295 -829
465 -850
-545 572
-383 144
-643 -870
-466 -843
922 -999
-193 133
-475 -722
959 -618
777 -812
-840 -297
-454 -819
-111 -634
-35 -211
36 -540
893 -703
-446 684
-310 77
-308 867
381 -563
-926 -317
138 -297
-254 -878
-378 153
271 272
-331 -487
-151 -867
-167 -152
945 585
940 -643
-793 21
-709 -48
469 755
938 -853
-591 -301
-27 -954
398 950
699 826
231 423
-883 480
32 578
304 857
164 -250
123 -992
-518 -967
-225 656
175 -226...