100000 300
839 -819
111 -655
-680 -113
3 208
-872 549
491 290
605 823
72 264
-481 783
-739 -697
45 63
-876 -425
-72 -281
1000 788
-933 -472
-188 305
-691 141
-496 695
348 131
-166 -637
-382 738
-53 692
23 -679
-351 70
-505 589
960 -333
-540 783
-808 377
-371 -79
-971 550
-287 820
-476 -602
-337 511
-788 -146
868 -288
-374 438
-63 -252
-304 -397
-95 600
-921 198
831 841
356 286
-40 966
-363 -667
-967 -619
558 670
579 673
626 82
-376 707
-633 -535
-992 -584...