10000 1
31 -42
5 4
-24 -37
2 7
14 -10
-6 -38
35 -5
-20 30
17 42
-32 27
-3 -26
22 -41
21 14
42 36
-37 -8
2 -27
32 -35
-26 35
-20 -40
18 12
20 -2
-50 -23
44 39
37 -37
-18 7
-47 -35
9 23
30 27
16 -18
2 39
-35 47
4 -3
32 1
-47 -3
-30 7
-27 46
-24 -8
48 -14
24 36
-30 -15
37 22
16 34
-42 -50
-31 -15
-12 -4
-3 -3
33 21
-29 -33
47 5
-49 -20
42 -21
-29 7
27 -2
9 31
-8 -42
4 -49
1 -11
30 46
-20 -26
-42 -17
44 30
-41 46
-19 -47
9 -2
39 6
28 37
44 -31...