10000 300
618 55
595 768
838 143
955 457
924 936
648 -37
435 99
870 615
808 468
902 760
546 863
512 395
825 394
481 687
812 940
834 -19
572 90
587 281
676 239
875 105
941 710
517 187
447 658
469 377
523 479
599 270
939 741
771 745
483 178
866 334
611 767
597 685
842 383
721 533
805 750
425 222
628 977
796 796
832 505
874 887
793 632
336 514
727 638
721 763
358 767
251 448
900 515
467 387
922 320
991 924
298 817
641 273
883 823
896 644
750 239
804 221...