100000 300
99185034 -43930666
99185052 -43930685
99185056 -43930670
99185055 -43930672
99185031 -43930661
99185056 -43930662
99185030 -43930676
99185056 -43930667
99185036 -43930664
99185039 -43930683
99185036 -43930661
99185027 -43930690
99185042 -43930681
99185029 -43930677
99185027 -43930689
99185036 -43930685
99185033 -43930667
99185027 -43930678
99185052 -43930689
99185053 -43930684
99185031 -43930690
99185037 -43930664
99185047 -43930684
99185053 -43930682
99185029 -43930672...