100 10
33 -72
48 -28
26 -67
94 37
-95 53
-84 -94
-52 21
-83 60
50 -81
-98 -55
99 94
-12 84
-51 -76
24 -17
4 -29
50 -19
91 -91
-62 -46
-82 46
-39 -93
-52 35
-59 -92
41 -69
-10 -9
-12 -73
69 -2
-52 -18
-50 -98
9 0
-90 57
90 -13
-6 -68
-88 17
38 21
-27 15
-83 -36
75 -15
-45 -46
-64 76
-34 11
-1 -18
-16 -93
-71 -66
-73 1
-9 -99
30 26
2 43
-12 -77
5 -77
-23 96
-37 20
4 63
39 80
23 -62
53 -11
-79 -32
98 80
-71 23
-50 -65
94 81
-52 -77
-90 24
-26 -72...