200000 300000
171146 93213
132114 111113
113238 120102
135904 63388
165962 130007
7196 178986
77457 7123
92181 198550
154516 88047
21187 195444
163174 111004
58944 130154
62506 177048
27843 21468
117151 23589
180103 113351
39241 143
53884 135115
193517 136669
53443 27132
72727 66
97056 179040
78309 9319
149386 10113
50213 175376
56015 161666
6924 86011
171966 20839
128805 49862
125534 86204
146237 141162
122412 165547
108994 61114
55319 26008
155079 122885
175706 190237...