1000 1000
351 924
825 419
268 848
904 890
480 91
956 41
997 444
193 822
359 126
641 65
604 21
107 829
371 458
430 489
536 171
764 62
947 903
233 674
60 773
903 356
383 854
671 443
533 375
427 467
368 275
7 397
849 526
130 659
666 427
7 243
61 385
810 696
576 457
680 609
892 166
931 944
764 141
893 194
786 82
502 733
889 112
449 917
269 324
587 276
953 675
684 435
896 401
926 812
982 697
360 156
564 900
517 911
904 883
956 873
801 533
642 432
313 304...