0
0
0
377
0
377
232
0
0
0
0
232
0
0
144
144
0
88
0
144
233
88
0
233
0
0
0
0
0
0
0
377
0
0
0
233
0
233
0
0
0
0
0
144
0
377
0
0
0
88
0
0
0
0
0
0
88
0
0
0
233
0
0
0
144
0
232
0
233
0
0
0
0
0
0
0
0
233
0
233
0
0
0
0
0
0
144
0
144
143
55
0
0
0
0
0
0
0
0
88
0
233
0
0
0
232
377
0
88
0
0
0
0
0
88
0
88
233
88
0
55
0
0
0
0
0
0
88
0
0
0
0
0
0
0
0
0
144
88
0
144
0
0
0
0
0
0...