100
60 87 79
51 4 41
39 88 16
33 4 55
87 66 67
45 75 51
29 30 70
3 76 89
47 67 6
90 93 54
75 82 69
74 40 79
50 37 9
28 55 42
4 32 63
20 97 45
72 98 49
25 64 7
86 69 53
16 32 94
72 96 58
26 47 39
79 29 60
4 95 13
9 37 11
74 82 81
1 89 8
99 82 91
96 87 85
12 18 61
74 90 13
92 48 82
25 76 5
82 20 75
32 16 36
49 26 1
28 92 10
18 78 57
63 79 67
29 32 83
97 73 96
83 55 100
42 51 30
54 35 28
79 7 25
57 30 23
43 20 80
55 62 87
84 14 18
15 55 37
52 57 16
79 42 92...