YES
50 1000.000000
46 1000.000000
15 1000.000000
32 1000.000000
11 1000.000000
24 1000.000000
12 1000.000000
16 1000.000000
1 1000.000000
36 1000.000000
40 1000.000000
25 1000.000000
2 1000.000000
44 1000.000000
33 1000.000000
31 1000.000000
38 1000.000000
47 1000.000000
30 1000.000000
34 1000.000000
19 1000.000000
5 1000.000000
4 1000.000000
42 1000.000000
49 1000.000000
35 1000.000000
27 1000.000000
43 1000.000000
22 1000.000000
8 1000.000000
28 1000.000000
37 1000.000000...