YES
19 273.043478 16 546.086957
26 327.652174 28 491.478261
23 518.782609 11 300.347826
10 245.739130 25 573.391304
12 382.260870 6 436.869565
13 628.000000 2 191.130435
24 409.565217 17 409.565217
14 600.695652 24 218.434783
12 245.739130 7 573.391304
15 628.000000 29 163.826087 14 27.304348
23 109.217391 9 81.913043 20 628.000000
8 628.000000 7 54.608696 3 136.521739
27 600.695652 17 218.434783
9 546.086957 18 273.043478
1 628.000000 28 136.521739 25 54.608696
22 518.782609 26 300.347826...