YES
13 530.571429
14 176.857143 24 353.714286
15 530.571429
2 442.142857 13 88.428571
6 530.571429
3 265.285714 10 265.285714
16 353.714286 19 176.857143
8 530.571429
11 530.571429
21 88.428571 18 442.142857
19 442.142857 6 88.428571
23 442.142857 11 88.428571
24 265.285714 17 265.285714
17 353.714286 7 176.857143
22 442.142857 8 88.428571
23 176.857143 20 353.714286
9 265.285714 20 265.285714
21 530.571429
10 353.714286 2 176.857143
14 442.142857 15 88.428571
4 88.428571 7 442.142857...