YES
6 378.857143 15 473.571429
13 31.571429 2 820.857143
18 631.428571 9 221.000000
26 221.000000 22 631.428571
13 852.428571
23 726.142857 11 126.285714
20 694.571429 23 157.857143
10 789.285714 2 63.142857
1 726.142857 25 126.285714
4 568.285714 21 284.142857
25 757.714286 10 94.714286
27 347.285714 17 505.142857
5 599.857143 22 252.571429
18 252.571429 21 599.857143
7 852.428571
8 63.142857 3 789.285714
14 442.000000 15 410.428571
19 536.714286 16 315.714286
3 94.714286 11 757.714286...