YES
11 395.142857 17 395.142857
6 790.285714
15 790.285714
12 790.285714
8 131.714286 18 658.571429
4 790.285714
10 526.857143 2 263.428571
17 526.857143 7 263.428571
16 526.857143 9 263.428571
2 658.571429 13 131.714286
9 658.571429 6 131.714286
5 395.142857 16 395.142857
4 131.714286 7 658.571429
8 790.285714
15 131.714286 14 658.571429
14 263.428571 11 526.857143
18 263.428571 5 526.857143
12 131.714286 1 658.571429
3 526.857143 1 263.428571
13 790.285714
3 395.142857 10 395.142857...