100000 100000
-11904 -7044
-12074 -5639
2987 5508
27393791 -85043285
-86209266 39333583
-51366939 -33096204
5969 -8904
18405061 42004011
8273 -10923
-4564 -8542
10166484 -81110553
-2280 -14965
30112570 79469368
29964649 61621694
-12992 6564
8115246 67253420
8595878 -59309122
-79130189 -25696343
6134 -730
-1733503 76723332
-2017 -12902
38995480 -33665302
-1060832 56215199
-2679 -11623
6880 -5366
24642986 30829424
99652597 23215522
92311751 41248155
-786 1705
65464682 -78121164...