100 100
100
92 75
6 18
67 81
92 7
65 100
32 82
67 50
31 85
91 80
63 84
52 39
81 92
98 1
12 24
48 43
86 17
72 51
95 48
50 45
66 12
79 19
89 49
1 34
75 97
33 20
27 96
23 42
71 73
1 93
19 85
14 66
61 17
39 20
33 36
61 42
64 56
91 23
99 80
74 40
18 13
85 98
39 74
84 62
74 46
23 50
11 38
14 79
25 9
100 66
52 25
94 17
28 9
18 77
81 99
34 87
39 52
28 25
19 69
25 40
49 94
56 81
84 34
57 53
2 24
36 43
27 17
85 98
91 45
40 37
12 57
52 12
68 39...