995656916
464078515
996618750
746622341
502568468
5168424
726860045
303307464
890104082
607777732
620073753
252444371
404341021
66917940
335136241
606935239
801315682
638990834
426516886
157496970
530501570
359716809
495718490
808762092
728285287
712368427
109051293
492838086
537133877
381825270
680778992
332830322
604531266
800712303
950194982
120637196
629265410
636217792
911857307
756668706
744193989
486958591
53045614
295801714
966835915
319475020
53551179...