911439532
728082749
720140618
847686102
867821578
685454009
379103570
918321694
464611012
615138928
574005666
211656911
925353460
67134209
111381542
83895480
539635835
811669907
799616760
188976834
701103547
35408281
330298454
647664168
343095208
530086401
788126738
228343357
416003687
47896003
336158644
266305725
402529615
684822987
690722974
740903708
907736892
954741839
719871253
367201740
979299324
241606122
525517189
233105204
573707829
712109843
60553112...