167365975
330892054
217192949
97978923
651999808
839328701
269142529
168434014
448922466
59807881
761028166
576729721
282910448
540423829
704274744
874633568
699242628
17200970
226826257
386886494
937828502
223395360
639543489
519944689
469808475
106699169
961253581
678283619
235548762
168983341
937086587
315364024
127145315
441004584
662061301
118687757
792663935
390019269
318446616
134384983
260615439
454404071
976735462
991268511
28019379
46188917
667764987...