21834 83293 377011344
18104 6388
21491 4371
417 7646
6313 18107
14277 1626
16350 17814
20665 8686
13067 20044
19750 2825
18265 12344
4955 4591
10254 4084
12241 11024
18125 7620
6170 17451
7085 8615
20406 18268
17272 192
5959 9556
10841 17672
7071 21448
14477 6067
20475 3176
14262 14795
2838 6872
17395 8514
8637 6861
5276 6042
18469 13373
7110 11524
4022 15115
711 15538
11878 11203
13252 5111
21018 18884
15315 11430
459 16432
16864 13400
172 8593
4268 2484
7619 2669...