74 874 22840468
61 52
10 7
71 35
10 22
27 54
27 61
63 43
23 18
47 20
69 17
41 60
27 63
5 2
54 72
56 60
8 56
53 30
67 38
9 47
13 40
72 66
60 9
15 58
71 49
70 49
45 36
3 69
18 44
24 49
54 70
18 52
9 56
5 10
5 26
60 37
66 54
5 15
43 30
53 26
44 28
43 13
34 35
19 8
35 18
14 24
53 64
28 35
37 45
46 47
11 57
30 13
66 17
30 59
61 39
31 73
58 56
34 21
48 34
59 61
17 25
54 8
5 14
58 30
5 72
27 44
4 20
56 64
52 22
72 20
24 27
49 20
72 14
56 39...