72028
2 1503210047
3 563701777
5 234935187
7 146206199
11 83011095
13 68047671
17 49701343
19 43908306
23 35982891
29 28057686
31 25808357
37 21439239
41 19158443
43 18292014
47 16707404
53 14611732
59 13257076
61 12547303
67 11555674
71 11039055
73 10430265
79 10011897
83 9133268
89 8598094
97 7904331
101 7656852
103 7498746
107 7010381
109 6964463
113 6788619
127 6092471
131 6102317
137 5769199
139 5540518
149 5232962
151 5174902
157 4962346
163 4776786
167 4815801...