78498
2 69570
3 294568
5 97641
7 480588
11 836298
13 325716
17 50097
19 943415
23 507041
29 560656
31 156157
37 361506
41 777194
43 395549
47 723185
53 560671
59 86825
61 987836
67 157780
71 22722
73 75017
79 973367
83 636307
89 569636
97 180505
101 294358
103 728766
107 983779
109 489034
113 358123
127 983241
131 402527
137 287987
139 326215
149 641036
151 944063
157 693326
163 257410
167 444612
173 895786
179 925688
181 967287
191 172432
193 448783
197 388020...