17 100
199 125 122 192 152 194 168 138 121 175 126 134 196 111 196 124 128
197 154 146 181 173 187 176 167 139 178 156 163 195 123 195 153 158
1 2
1 2
6 13
12 8
4 10
3 9
8 5
6 4
9 3
4 6
2 16
2 11
17 11
15 13
7 10
14 9
11 2
9 3
6 4
17 11
17 12
3 9
14 9
3 9
17 12
13 6
8 12
3 9
10 4
14 9
10 7
7 5
7 10
17 11
17 11
9 14
11 17
6 13
15 1
2 16
15 13
10 4
13 6
3 9
7 5
16 3
15 13
9 3
4 6
8 12
10 4
16 3
8 5
12 8
12 17
17 11
15 1
7 10
13 6
7 5
10 4
17 11...