10000000 0
9856159 1690008
9428774 3331397
8730141 4876949
7780357 6282199
6606747 7506723
5243072 8515291
3728564 9278890
2106792 9775552
424412 9990989
-1270178 9919004
-2928227 9561667
-4502037 8929258
-5946331 8039971
-7219560 6919388
-8285096 5599747
-9112284 4119012
-9677329 2519780
-9963974 848059
-9963974 -848059
-9677329 -2519780
-9112284 -4119012
-8285096 -5599747
-7219560 -6919388
-5946331 -8039971
-4502037 -8929258
-2928227 -9561667
-1270178 -9919004
424412 -9990989...