0
1
0
1
1
0
1
1
1
0
1
1
1
1
0
1
0
5
4
5
0
5
4
9
4
5
0
5
4
9
4
9
4
5
0
5
4
9
4
9
4
9
4
5
0
1
1
0
5
4
9
4
5
0
10
10
9
13
13
9
10
10
0
10
10
9
13
14
9
14
13
9
10
10
10
9
13
14
9
19
19
9
14
1
1
1
0
5
4
9
4
9
4
5
0
10
10
9
13
14
9
14
13
9
10
17
17
17
16
25
20
21
16
21
20
17
17
17
16
25
20
21
16
25
25
1
1
1
1
0
5
4
9
4
9
4
9
4
5
0
10
10
9
13
14
9
19
19
9
14
17
17...