10000
10
830040291349744329 -319561503060023340 683222607273590125
-914536999692829334 -779342756697417410 219641468335356417
85933915916791117 -141596280481378278 -312535248922022751
275939623595469422 -101968591961421919 508292095399784578
61787234533142484 186450725817181215 322744467357014917
873769831038335503 -30467524073911978 390687530622587819
643237813629609445 -60887365927957884 381117312017931326
-696971868930372414 -268083878212590270 263554028336949395
-93013551708973444 18049397111...