1000
100
-843595608138783548 598551378281114102 -101419689887346477
482841889012004455 -368685258814071410 -459160235418489272
-822207341686558354 -140438684840989990 -967389518060303193
81726892675040324 780728680285329279 -321899227252696148
-194610421020412853 382133422121806074 378007176695193363
422513660640652332 -290880633832839867 905196515243295896
-461798257916654667 538791986217980667 -477559383759802432
744845926871408952 -643254804243163698 620779116472869636
921800936986469513 -8006...