100
1000
790214296837842260 985157975711148393 781534354189906906
88062111759965011 -522991124881920321 -976636577871939731
-117694653322972356 -175325269094002573 71293979854713499
-19469893035945715 138279862939853885 113744752976024925
559560656210222395 460110157680337166 270124114164756829
-126666012850527479 -407500768295748668 996050930330758965
-315883955160970437 -551536981435941015 -865116606648952510
386621481869059813 -383841808488912402 -625525361684951189
-97691030150281764 88336846...