50000
2
-145255766706388757 476404615552177224 -999765562954824823
-380327607505445243 -699203514893839424 -810739283691155327
2
-618233948963987897 -291725525979727364 -186770225069589223
104379375545472276 -140802889285193371 404452083251857876
2
-580946855137763076 799823067330220700 -943865337786705522
374215837283084868 -144676120239317033 145112027551908593
2
-712257566754296354 -593963623968111530 641236676234303465
984585935731393543 -357593808334107843 419010905666331961
2
7962807012...