33333
3
-106368178518652401 -946860611913550264 126609224762030379
-107746578265766837 -138398085525361401 -322933125637963343
-580544329705805237 269281454889964591 -385816315923759841
3
-453100611524159084 273099653750410868 84549858730887847
-724159803492027290 52649345208832938 -621965002808635341
609652940768603686 750340402580569633 13006723281408892
3
735144793816620355 -836755594653871016 35571699296855342
-866186285452245665 -122504104657627015 -802146532523398718
-739368059367209420 2...