12500
8
-544994312635791154 784686217889179325 -576300521204622218
882820032191064137 1066244683498212 253853607134005182
569834028795218544 62569336252944080 -391666355561926452
-615239397175489423 -834509607306072089 513535457743927323
-95475746072223539 -675522046502245311 803552584492121630
-438221901758759850 -150968059801565038 -393143249271111303
288787733498533226 188457739710144489 229637822749337473
-455166965894901657 -416496931154254898 -480235926305042630
8
-328612422401407024 -7045...