YES
17 24 11 2 48 19 23 9 12 15 55 29 45 39 28 36 38 51 46 30 40 37 22 16 50 33 3 8 41 31
YES
20 35 3 7 27 19 22 25 24 17 6 34 12 18 15 1 21 16 31 30
YES
5 16 8 27 13 14 20 17 3 11 22 2 30 15 24 23
YES
53 20 44 24 43 31 33 34 37 39 40 56 4 55 54 46 49 48 29 11 52 17 15 8 19 13 51 18 9
YES
2 28 30 32 34 35 37 39 41 45 46 49 51 53 9 11 1 5 17 19 21 24 44 22 14 15 6
YES
17 23 25 27 28 30 2 34 36 40 42 1 6 10 15 20 3 14 13 39 18 12
YES
7 34 47 29 31 32 50 36 38 44 43 13 4 8 10 21 55 54 51 5 19 27 ...