294514
293412
294609
293735
294750
294229
293964
294875
294840
294713
295007
294033
294017
294439
293639
294170
294076
293833
293495
294167
293906
294387
294257
294749
294155
293711
293987
294347
294810
294849
293905
293757
294886
292658
293738
295149
294290
293263
294390
294193
293455
294612
294238
294443
294112
293877
294642
293876
293418
294129
292482
293929
293456
292516
294085
294216
294186
294461
294702
293954
293840
294441
294693
294256...