300000 300
85785 253283
26298 166566
330783 705986
118718 288316
26563 175864
70883 113239
257639 527974
53101 346436
118971 753873
544198 999638
309609 347196
341284 780875
419360 739604
236105 629581
84472 145751
100781 294142
143299 285815
171450 927879
25619 841758
39047 67154
632768 655265
700205 920451
50085 229705
108417 765871
377113 752021
278754 524823
525445 943783
316823 710218
582474 811292
299720 866473
224479 944049
472335 753685
159995 228948
230577 955707...