89364
150258
137176
28132
145970
28316
91800
69827
59770
92081
65195
148698
70806
27003
46404
53686
149311
46148
82721
149148
149917
137035
105512
123011
146440
35032
142370
117111
74001
15905
99396
34589
39816
15521
85486
48014
57818
112601
38060
95716
145175
65668
149964
17521
89435
142621
127970
76082
143014
412
149617
100583
147624
36853
70587
110703
114053
1862
126664
126442
138345
150105
141399
107630
148688
28920
24010
101589
13352...