300000 300000
444015 880316
200778 457186
274703 672965
844910 898395
571319 954898
242265 389141
6971 598582
470371 965009
80350 610205
362624 814524
256851 775556
401962 903741
40109 819021
929729 952733
31462 933624
5757 952847
487098 621637
411328 881310
97964 549235
363199 480843
159140 488159
711 897791
301379 510192
315525 983752
383784 906966
844576 872190
161785 699707
542830 680590
10031 689723
204297 299941
203640 874498
683929 798952
48953 932999
146127 963058...