100000 300000
1 93563
1 1190
33154 3
60543 3
481 1
1 95311
3 60061
92905 3
3 95409
90302 3
10205 1
1 54020
81106 2
53519 2
3 73935
1 7214
2 73336
1 59332
36428 1
67420 2
15701 1
1 72668
98461 2
2 55810
1 32674
88015 3
2 62290
2 61926
1 76755
2 4238
97686 3
32977 1
76518 1
80412 2
2 41671
89659 3
54753 2
4558 3
61813 3
61191 3
3 63213
49068 3
75568 3
69367 3
54521 3
98580 2
2 30760
2 60202
2 13175
1 81887
91469 1
6712 2
1 54125
2 38413
76368 1
1 25311...