100000 300000
1 93563
1 1190
33148 33147
60537 60536
481 1
1 95311
60054 60055
92899 92898
95402 95403
90296 90295
10205 1
1 54020
81106 2
53519 2
73928 73929
1 7214
2 73336
1 59332
36428 1
67420 2
15701 1
1 72668
98461 2
2 55810
1 32674
88009 88008
2 62290
2 61926
1 76755
2 4238
97680 97679
32977 1
76518 1
80412 2
2 41671
89653 89652
54753 2
4552 4551
61807 61806
61185 61184
63206 63207
49062 49061
75562 75561
69361 69360
54515 54514
98580 2
2 30760
2 60202...