41 9
9 3
3 35
35 24
24 6
6 4
4 27
27 36
36 2
2 28
28 15
15 13
13 19
19 18
18 17
17 21
21 18
21 39
39 34
34 9
34 11
11 13
11 27
11 26
26 35
26 29
29 23
23 32
32 13
32 16
16 23
16 31
31 25
25 17
25 34
25 38
38 22
22 4
22 2
22 30
30 10
10 36
10 23
10 35
10 4
10 18
10 20
20 9
20 19
20 3
20 13
20 34
20 40
40 41
40 19
40 3
40 15
40 4
40 24
40 5
5 1
1 4
1 9
1 41
1 25
1 21
1 33
33 24
33 5
33 14
14 2
14 21
14 6
14 5
14 3
14 19
14 20
14 24...