94 58
58 70
70 73
73 15
15 18
18 70
18 38
38 87
87 86
86 37
37 89
89 1
1 69
69 8
8 40
40 45
45 48
48 90
90 11
11 91
91 51
51 49
49 79
79 50
50 74
74 27
27 53
53 44
44 1
44 41
41 33
33 63
63 40
63 11
63 74
63 58
63 9
9 32
32 16
16 3
3 93
93 46
46 43
43 21
21 1
21 35
35 38
35 54
54 92
92 51
92 71
71 28
28 24
24 80
80 27
80 94
80 25
25 54
25 75
75 57
57 78
78 22
22 79
22 87
22 47
47 38
47 4
4 94
4 85
85 26
26 19
19 93
19 16
19 61
61 70...