49 138
18 45
21 16
37 18
15 42
25 32
10 35
44 32
8 38
48 19
22 10
45 41
23 26
21 4
9 40
42 29
43 40
24 9
25 31
45 20
7 42
4 12
11 30
35 46
11 39
44 46
28 16
38 41
8 47
37 24
26 22
25 1
5 45
8 48
13 41
41 11
4 16
48 42
11 16
16 22
37 25
39 48
29 48
29 3
2 26
27 13
20 14
29 2
9 39
39 13
15 8
14 7
49 39
16 45
17 28
39 26
25 20
32 12
17 14
36 34
31 28
18 26
36 16
21 8
4 11
39 44
27 36
40 15
23 2
14 19
14 2
11 20
42 41
47 48
34 49
35 36...