100000 160000
33872 33871
38355 38354
17384 17383
1303 1304
40296 40295
64659 64661
31864 31863
86293 86295
36050 36051
40708 40707
54901 54902
38641 38640
23939 23940
9615 9617
67413 67412
33315 33314
23551 23549
12993 68762
79917 79915
70255 70256
11762 11761
8733 8732
28547 28545
81861 81862
79174 79175
90657 90659
36746 36747
27165 27167
70493 70495
11432 11433
71246 71247
48983 48982
81118 81117
97149 97150
539 540
70699 70698
39217 39215
76721 54124
12372 12371...