100000 158000
59122 59123
61713 61714
48035 48037
82334 82335
9509 9508
11882 11883
60292 60293
31931 31930
7163 7161
47525 47527
77230 77231
41999 41998
10906 10905
78356 78357
6134 6133
70127 70129
85410 85411
85233 85231
62383 62384
51171 51173
26473 26475
32334 32335
95369 95368
4993 4991
12268 12269
54864 54865
18263 18261
20222 20223
83002 83001
24828 24827
27885 27887
78119 78117
17835 17837
1575 1577
19543 19544
79766 79767
87105 87103
44360 44359
52345 52347...