100000 99999
99999 1
1 3
3 4
4 5
5 6
6 7
7 9
9 10
10 11
11 13
13 14
14 15
15 17
17 18
18 19
19 20
20 21
21 22
22 23
23 25
25 26
26 27
27 28
28 93600
93600 93599
93599 93601
93601 93602
93602 93603
93603 93605
93605 93607
93607 93609
93609 93608
93608 93607
93609 93610
93610 93611
93611 93612
93612 93613
93613 93615
93615 93614
93614 93613
93615 93616
93616 93617
93617 97714
97714 97715
97715 97717
97717 97719
97719 97718
97718 97717
97719 97720
97720 97721...