1000 22
1 6177
4 1594
7 2280
9 6667
10 9858
13 1093
15 1240
17 7622
20 3140
22 7980
24 2362
31 9220
32 1893
33 1872
35 9318
37 5292
38 9320
39 4899
40 2088
43 2798
45 2261
46 8350
48 2611
49 3643
50 1508
54 9388
55 5385
56 6553
57 8902
60 77
61 1476
64 1888
66 9884
67 6564
70 4977
71 2527
73 8877
77 9690
79 5088
81 4423
82 1701
86 6921
89 8949
91 3583
92 4464
98 8401
99 7114
100 271
105 6755
107 262
110 7803
112 6933
114 9316
115 5327
117 280
118 611...