20000 466
1 1
2 1
3 2
4 1
5 1
6 1
7 2
8 2
9 2
10 1
11 2
12 2
13 1
14 1
15 2
16 2
17 2
18 1
19 1
20 2
21 1
22 2
23 2
24 1
25 1
26 2
27 2
28 2
29 2
30 2
31 2
32 1
33 1
34 1
35 1
36 2
37 2
38 1
39 1
40 2
41 2
42 1
43 2
44 2
45 2
46 1
47 2
48 1
49 1
50 1
51 1
52 1
53 1
54 1
55 2
56 1
57 2
58 2
59 1
60 2
61 2
62 2
63 1
64 2
65 1
66 1
67 1
68 1
69 1
70 2
71 2
72 1
73 1
74 1
75 2
76 2
77 1
78 2
79 2
80 2
81 2
82 2
83 2
84 2
85 2...