10533
11535
16354
11439
13237
14665
20858
22084
14896
15928
23348
27338
31380
32487
35574
33313
39628
43866
44948
45671
52705
46166
50195
49293
52310
48755
55135
51984
59086
56751
65683
65762
66242
59642
60731
63602
74268
67371
77740
85482
86788
87023
94559
94980
97306
97088
95214
95032
100165
103480
105731
108843
112715
111597
112682
112586
110263
115040
111670
109817
110667
118543
122881
117229
119904
127586
124950
127132
127893
128688...