100 47355 73
80 93 209973631
7 48 774138017
12 99 248931208
37 48 688877212
2 24 653690187
41 70 602575103
5 27 697510324
49 60 28014156
60 79 479265163
58 92 101127271
29 88 988629557
16 71 895168152
68 78 145012675
80 93 331985810
67 92 724449490
4 98 348536343
80 93 546001624
22 84 793923983
54 80 58624514
2 15 896014363
54 70 934780009
43 89 349296092
9 75 321675219
4 46 372651722
2 32 885510797
3 94 496788353
51 79 823193744
55 64 234781056
3 92 521700664
22 35 100451041...