300 100000 195
241 241 15955
145 145 19285
6 6 25043
111 111 43238
239 239 45081
77 77 46875
10 10 47731
2 2 68140
59 59 89066
47 47 91479
294 294 101660
265 265 114748
159 159 115642
189 189 132129
255 255 132945
27 27 147468
65 65 162918
175 175 166971
168 168 167201
232 232 170055
43 43 192163
201 201 199181
223 223 200697
43 43 202303
27 27 216527
85 85 226127
36 36 238224
92 92 247347
46 46 251516
41 41 254774
132 132 262210
290 290 265963
203 203 268668
20 20 281934...