300 100000 288
52 52 30714
105 105 47139
57 57 47325
164 164 66590
223 223 69706
223 223 70591
249 249 72453
264 264 88542
219 219 122713
299 299 123516
153 153 125397
62 62 142677
294 294 152249
281 281 211978
291 291 212485
107 107 219838
133 133 253037
187 187 287892
80 80 290943
206 206 297485
124 124 302173
35 35 311406
146 146 314230
129 129 325388
1 1 327746
32 32 343645
18 18 358879
99 99 360818
27 27 399986
117 117 416472
191 191 419971
77 77 420334
203 203 426303...