132
587
1469
5171
2015
1555
1223
474
543
1292
1410
2214
231
880
51
1057
778
638
452
2677
641
472
1496
182
511
3327
3619
298
170
2062
3064
1061
1273
1784
578
249
2967
2056
3404
1420
755
1016
189
230
2749
1824
985
1041
2079
166
665
13
1563
3569
411
2357
796
1722
273
994
2690
557
1719
1337
1487
1902
738
542
1854
1715
2429
1868
1582
3446
181
853
49
665
3061
1539
432
1092
489
4856
750
3074
2990
1213
253
2369
443
1723
46...