9
7
43
27
16
17
42
0
12
23
23
6
35
3
8
1
0
2
16
1
0
3
40
1
16
32
24
3
7
14
50
39
12
0
1
17
8
5
0
0
25
26
7
9
55
10
27
11
1
3
17
10
51
21
0
47
5
33
3
18
42
1
25
35
6
16
20
7
3
3
8
2
18
2
1
19
6
21
21
28
9
10
0
3
3
17
22
9
2
28
23
9
24
42
25
25
25
9
32
12
18
7
21
25
37
14
0
2
19
1
4
1
0
12
17
0
8
21
14
6
16
13
32
0
3
21
7
14
0
13
30
7
33
3
5
0
6
0
0
15
2
2
3
4
36
8...