3608
2506
2523
16002
11488
563
4006
327
9424
477
9245
195
2677
8079
10555
1112
2695
5137
532
5192
3494
118
11460
692
7148
3609
3458
12212
245
3292
13855
1584
9383
7282
8594
56
5825
3120
3144
3767
8061
6162
3459
8174
4571
3426
6210
1851
5224
6173
4978
7478
4577
4618
2864
893
267
645
5970
1592
4767
1877
3627
2847
9072
269
4014
711
4429
314
7724
2320
3565
7027
608
7155
2104
10948
738
1808
3292
1357
2771
9166
14915
2623
5242...