3146
161
5451
18532
6642
5275
2148
3428
666
9393
10402
395
2780
2854
14182
5432
5425
10263
1516
5348
9660
13246
6388
2071
4558
5867
5843
1843
2706
6277
11978
3720
1393
3645
2489
4896
1890
7997
6630
7496
221
612
19255
1501
1004
7739
2164
1155
10723
90
320
15977
7012
7527
1878
787
5330
165
2819
1379
14391
289
1441
8166
9558
2392
6126
3062
500
1744
6109
497
2510
2097
964
4452
4709
1440
7185
7307
8361
3966
1180
824
6516
15194...