812
18928
2439
1207
8563
2042
10255
332
1654
6314
13841
2616
339
4441
179
12373
16171
1407
624
6
5430
7861
263
14381
88
8510
8207
7537
2178
4111
12691
2423
1625
88
4805
158
2640
922
8933
462
5136
6457
86
8523
390
5715
5623
8818
464
9811
4778
2217
3323
2643
11279
10071
1575
12766
3759
90
754
2823
1284
5214
1880
8398
9964
263
1402
16016
7780
1664
3027
790
2784
1032
5994
6365
15924
4312
1148
749
5286
2423
4831
532
6139
498...