226
14361
4017
12944
2065
205
1502
654
6294
1652
3244
11877
305
202
14311
2139
4889
5432
2398
10779
3155
1089
15741
802
4504
297
6950
5618
1832
3112
914
6493
9832
985
11566
5720
1422
2136
5097
10260
582
417
3902
52
12905
2791
733
3389
1910
2327
9430
894
1435
737
10093
1054
952
250
1295
860
3358
11454
4187
1401
457
10510
8535
4153
4113
5829
4778
3286
1085
630
4123
3488
2355
8578
760
3174
2329
37
4254
32
3187
312
396
1545...