1104
772
769
4861
3480
170
1221
106
2878
149
2789
52
803
2425
3205
340
788
1552
154
1582
1047
33
3481
202
2149
1102
1051
3693
87
993
4202
446
2860
2216
2599
21
1758
947
946
1148
2435
1874
1051
2491
1369
1040
1889
570
1605
1881
1496
2279
1379
1414
848
270
74
190
1821
503
1442
590
1097
827
2740
90
1206
206
1345
95
2324
724
1075
2134
170
2139
639
3322
217
558
996
427
840
2756
4478
791
1573
3053
1254
3055
1548
637
1179...