15907
532
60013
5083
44590
7921
33294
92603
2439
1139
8388
4868
43599
83500
2415
15201
50946
27261
81856
37495
115
5492
3179
58979
10084
54103
5642
18451
4934
42208
1098
15012
5204
14707
27388
73846
36094
48464
30644
7397
7851
65873
7477
45704
37914
56886
23407
380
40048
17381
26868
11535
531
10764
22288
1572
21367
1167
7691
3000
25073
45455
428
6756
10771
7768
12771
33917
39652
10911
25031
41594
1136
59918
16984
6185
64728
13681...