1
5
16
96
54
53
62
70
55
1
95
73
96
8
104
51
43
1
85
101
3
1
64
42
34
5
20
50
10
40
41
5
78
108
97
106
83
54
69
57
19
72
86
13
20
105
73
45
3
42
118
68
40
58
24
55
40
14
4
1
83
86
38
54
109
51
3
8
21
31
101
108
85
54
66
36
17
30
115
113
57
21
72
113
66
6
56
12
62
94
60
97
37
27
112
2
50
48
33
21
85
4
73
116
60
83
58
23
110
43
4
8
75
18
69
118
54
49
115
82
33
70
121
100
57
58
15
72...