0
0
2
0
0
0
4
6
0
10
13
0
15
0
17
17
18
18
18
0
18
18
18
0
0
18
0
0
0
0
21
0
24
24
0
25
0
0
25
0
26
27
28
28
28
28
29
0
29
29
0
32
0
32
0
0
33
0
33
35
0
37
37
37
0
41
0
0
0
0
0
0
43
43
43
43
0
43
0
0
0
0
45
48
0
0
48
0
48
0
49
0
0
0
0
50
0
50
0
0
0
52
0
0
56
56
0
58
0
0
60
60
61
0
0
62
0
0
63
0
65
0
0
0
0
67
0
67
0
0
0
72
73
0
0
0
0
0
79
0
0
0
0
0
81
0
81
0
81...