20 60
1 1 1 1 10
1 1 1 2 8
1 1 1 3 6
1 1 1 4 4
1 1 1 5 2
1 2 1 20 10
1 2 1 19 8
1 2 1 18 6
1 2 1 17 4
1 2 1 16 2
1 3 20 1 10
1 3 20 2 8
1 3 20 3 6
1 3 20 4 4
1 3 20 5 2
1 1 10 10 9
1 2 10 10 9
1 3 10 10 9
1 4 10 10 9
1 4 20 20 10
1 4 20 19 8
1 4 20 18 6
1 4 20 17 4
1 4 20 16 2
2 10 10
2 8 2
2 1 15
2 5 10
2 19 19
2 5 3
2 6 6
2 8 2
2 12 2
2 3 16
2 17 8
2 5 12
2 14 3
2 3 13
2 17 2
2 16 19
2 7 8
2 19 12
2 13 10
2 20 8
2 15 16
2 12 4
2 14 3
2 5 14
2 12 2
2 9 14...