4
368
177
33
22
64
486
2
145
1054
68
695
1
2
0
413
11
0
1
475
125
2
5
8
853
462
274
1143
169
7
337
7
841
335
193
35
92
61
377
405
22
458
147
91
40
187
53
584
4
194
252
130
1023
16
1
54
55
33
368
197
796
18
701
197
14
22
19
1080
137
307
45
40
57
159
10
39
4
323
600
168
5
106
24
40
380
25
917
1
0
22
126
562
52
26
62
642
191
36
26
31
0
637
12
411
4
149
20
411
914
211
348
883
58
91
119
73
123
6...