500000
506734476599805478 204873810571573108
350897199960649740 257821936205117929
332814113781382039 489775953433256061
176954509178257176 106418298449367332
51341064334778530 235733288887398802
101679395076814389 413988375341831894
462105118470723091 502772977458928235
472616918522757861 320591122967279252
305382104993014388 521570479983854097
79234777118084243 15849978994543149
338308497104431582 497792784917602735
551001702947263715 9540290307088996
272145642928275232 215670388416220887
3...