500000
174633581820816570 3377383033790617
253143755826510443 399217672537261807
122578687811157413 29565650790648134
350739082866072271 338285368212426585
176301075035161587 445477027107430136
174292016298153752 32075707642949324
330562743085574961 539505717472424647
101156273594251055 377388463283175244
106408764462084208 390260878616032278
427824987599087510 346892721781542640
485391684199909324 397157172223205824
151169256227698586 238903071272220943
346174753125379179 342507174296281077
...