500000
157197254129400422 62129175801928535
416677438975265866 397254995413440274
199310539570538321 461526516753841532
338288847686840729 298267055959367964
282206027395242730 335136160073542945
47775872805268230 101918015211125299
391129847638023018 442920989854096684
250430282670926943 103117205592399446
492952688003065563 529197685172242825
155680203070805112 255718948671081443
373590182235282410 354804991906456050
511662745908153857 447741842601974433
149426319725946509 365756420161034825...