500000
423918179446770956 62129175801928535
340087759636680338 165655601909758866
537701507103134016 309267966590495302
134504665498153261 459487377289183717
476492349139768876 179231866805931096
3083627287907579 113346406297611669
426987596872764347 568816011015720699
98055491593395306 440430138847865904
144106620756123739 498839216047264480
99451061882311764 339217803572680366
267786273235369704 471276387526436814
340382861924053381 61943405353975019
89762355682290075 80408000567391892
1425...