500000
278511318469583271 537353183315776670
282951093298904566 354945957425233841
269863626542300926 372481977549649083
463272495345797077 247789197887537653
554056292539171934 99805399326547880
290364112052819444 40420412014536639
556529750405246683 323759364088217997
141686982711159294 69168512781445109
132559841968387172 33073613875585886
468086912574416634 83259294923418882
275238172654655338 75114995181529095
551747043939376563 202385216858975972
450049830895049556 528578631922814904
53...