500000
322981260158260516 322981260158260516
28316250877914568 28316250877914568
279547116602436422 279547116602436422
78223540024979427 78223540024979427
335408917861648761 335408917861648761
74859962623690076 74859962623690076
252509054433933432 252509054433933432
260713016476190615 260713016476190615
419845426262703495 419845426262703495
85335723211047186 85335723211047186
22842184971407763 22842184971407763
148049062628894316 148049062628894316
84324828731963967 84324828731963967
35497917...