100000
787631367750513640 830757263356398124
719673395741074815 231332440545121857
555559993307096630 648770278304968603
453154874629302706 105778051880708268
59219420855273916 665176075046678079
657037723043499647 138668361793131707
67989537711926101 250693103043579830
429129155579534722 168925768567161058
259576770143019250 580451398019081192
996839750158900827 429489468669772097
258646074600908451 443333276404554850
141084712607993678 672651516603158877
53604668514550887 912715869480408424...