200000
50529458896540148 708026487408758829
531478200006693321 565996264669191063
390729184808336776 591072092067460853
4456151172632157 433996293111652234
399970384610543344 425094016151325701
956941314840883736 246189893783499927
516027164838906335 495961080913459571
395856745739586270 843379383898344277
768062037768107920 881955879563246171
607098026255536208 335657790260432742
271095849097331516 285239858716857135
432430915014285427 291596534434850850
535852379340283557 299673265447017009...