300000
313427558632501248 808667752610862629
343282995682377234 677288060528419062
2526339454801124 533373901534985808
903134254759523343 39915464493009332
134764694174408609 620405194528124495
998586304743411562 433160362416758642
781361226634232840 111512401928643697
846159751176852688 842141271234505548
955672686107069239 111410570987149117
561334538396589929 411738814672813531
98858417495140886 797012008424556539
415582350280187777 324546998563760545
935616852345382892 234889781431264540
...