400000
576325654073495052 909309013517999133
155087799947995740 11951888947455562
837695530956041271 252303682737669555
801812349756479936 422462594724623335
869559008033241172 815716368609955992
816859253496196294 620130835344984653
46695288429559344 950435759798603622
296462760909086402 617531117420923723
143283330151063262 340865258116084767
515571050537643649 487819834790227023
926620985892950257 85412116982512847
175361748691314328 357497462692670241
335381329645449522 170106297415512072...