500000
839223749514488856 786578246160294430
966892599918646951 123243684806683561
449492685602505619 194605492205194509
700490449048403825 28381761811013136
604353317597106437 11027542691787489
635132206543948322 583729271418434865
88657313370110050 789359113373596251
523393733786544317 392920963607341899
330893969900089989 793691986394763513
693179603828440465 563900859202607812
754383549995792330 597184266690212252
328694850254535402 613819963676355735
452140574745876177 958517839505324657...