500000
517138250944566569 517138250944566569
517138250944566569 517138250944566569
517138250944566569 517138250944566569
517138250944566569 517138250944566569
517138250944566569 517138250944566569
517138250944566569 517138250944566569
517138250944566569 517138250944566569
517138250944566569 517138250944566569
517138250944566569 517138250944566569
517138250944566569 517138250944566569
517138250944566569 517138250944566569
517138250944566569 517138250944566569
517138250944566569 5171382509445665...