500000
372536436077869287 372536436077869287
517138250944566569 517138250944566569
517138250944566569 517138250944566569
517138250944566569 517138250944566569
517138250944566569 517138250944566569
517138250944566569 517138250944566569
517138250944566569 517138250944566569
517138250944566569 517138250944566569
517138250944566569 517138250944566569
517138250944566569 517138250944566569
517138250944566569 517138250944566569
517138250944566569 517138250944566569
517138250944566569 5171382509445665...