500000
146012489360797134 372536436077869287
146012489360797134 372536436077869287
146012489360797134 146012489360797134
372536436077869287 146012489360797134
146012489360797134 146012489360797134
372536436077869287 372536436077869287
372536436077869287 146012489360797134
372536436077869287 372536436077869287
146012489360797134 372536436077869287
146012489360797134 146012489360797134
146012489360797134 372536436077869287
372536436077869287 146012489360797134
372536436077869287 3725364360778692...