500000
403559553639584686 194927165676340871
146012489360797134 146012489360797134
146012489360797134 146012489360797134
146012489360797134 372536436077869287
372536436077869287 146012489360797134
146012489360797134 372536436077869287
372536436077869287 372536436077869287
372536436077869287 372536436077869287
146012489360797134 146012489360797134
372536436077869287 146012489360797134
146012489360797134 146012489360797134
372536436077869287 372536436077869287
372536436077869287 3725364360778692...