500000
556687619065218237 41937638985093524
50164859692165961 194927165676340871
194927165676340871 403559553639584686
549165183968869984 403559553639584686
549165183968869984 50164859692165961
403559553639584686 194927165676340871
549165183968869984 403559553639584686
194927165676340871 50164859692165961
194927165676340871 194927165676340871
403559553639584686 194927165676340871
194927165676340871 549165183968869984
50164859692165961 549165183968869984
194927165676340871 194927165676340871
1...