500000
556687619065218237 10914456393775837
41937638985093524 556687619065218237
507773007777050612 185284865987591258
185284865987591258 10914456393775837
507773007777050612 185284865987591258
41937638985093524 364023328380011066
153257859345979155 414188114452638067
507773007777050612 414188114452638067
41937638985093524 364023328380011066
556687619065218237 364023328380011066
414188114452638067 556687619065218237
185284865987591258 507773007777050612
185284865987591258 10914456393775837
41...