500000
506210125540985785 360524333976479351
414188114452638067 414188114452638067
556687619065218237 153257859345979155
185284865987591258 556687619065218237
507773007777050612 153257859345979155
364023328380011066 41937638985093524
10914456393775837 185284865987591258
507773007777050612 153257859345979155
364023328380011066 41937638985093524
364023328380011066 10914456393775837
153257859345979155 364023328380011066
185284865987591258 556687619065218237
185284865987591258 556687619065218237
...