500000
486571166346108882 410398976725081615
306098750676061535 62852513747146415
534555920124393055 533268051070423570
533268051070423570 471749897763851224
336509100086009035 120281928780577468
429196481479323208 380263079709279489
174454279918440488 68707475303516223
215951991576789436 255342819102158255
380263079709279489 572645966250951558
302559762610546962 203895788751544108
203895788751544108 302559762610546962
419407949688493205 77960713430332856
86200032255479653 565526566070656278
...