500000
522596990645599230 77706055185294985
315100027149436869 545635428132931868
448441594310701984 50332658867943544
498757128773894466 437546612901080368
336482287440105466 261371539042148366
498757128773894466 147431045885352626
471496895237101801 457617133609396747
120394475273546125 230926067008663962
203941567637998621 471496895237101801
345523458955384401 261371539042148366
255510100398309022 549420697172962641
324322709055394154 311564758508888968
68944809991428878 533225285179015459...