500000
13158852492660996 548009969019073012
447190003787798509 3793678841853820
576188263601042682 12311194241519009
224967888781389578 274122181712682472
173022907437901652 203941567637998621
556521750619854732 371258616387014555
98977171723788722 414212420717214274
106227758744230767 27038086257543834
380024909708957232 430575048360630580
10748027446782444 203941567637998621
497193961979749647 12311194241519009
212317231273195200 194900379210765750
468109345317441750 315100027149436869
3641...