500000
370160777358065679 548009969019073012
206306372600571844 41092117414546737
175299678997908621 514896021662154480
271792574005802545 575021314784934766
71083132741955799 514896021662154480
145055749148910170 250568778622597429
389641260656137221 334134507188413475
262782286716337323 88461427291546812
420816436392658992 272718136971018573
566553675527934594 379179482809649813
382357297340284393 401150119897819974
469367510814482433 52539075102692257
421055454304574209 103896008378953910
...