500000
392803673208645543 540749010909938262
60575723934317942 313738172750989393
203093924502507704 87606233062429632
109753452508703672 148105572924036390
187694557549839538 352932016454866020
449451472378068020 465972700822747919
412808478908458727 154661881156881334
382357297340284393 67864103617402010
28444229868279359 256190537315070218
40836918079135232 71083132741955799
515009949054217665 446348872195525448
163712005514711581 80081352724913761
164395143173862992 107118201820976379
286...