500000
286113628482661503 540749010909938262
103365438227188864 76523034140742955
5450123133127498 442165528468471810
459861473661583313 519868932853474955
395779576079795178 512749657495762971
34669179414178313 417081299615295287
451184371483855512 193549957487994388
329762192272902417 317358668366647839
518785804668430623 123865608198058486
382991259287769838 115909012548016014
82298153492994186 175900617896538299
528046962244284596 385119526944451078
219660166540960832 81454721887503407
26...