500000
301683127497538620 63518851297011193
445743526660798334 291292831198067912
115724991222564031 291292831198067912
405705953518081349 180459825013405456
278867449172924066 150273888990520964
317387100006023470 133111307917715549
365787878058913085 330609849878123956
81499403669870366 454748797369744868
450927509660555689 202459346252119999
237190621649425415 397010778949443596
550015321081313055 22657077002384537
46318635354255255 22684677699807144
7641126344024211 332974605986004589
741...