500000
328868502856676152 118550072979498200
523444544424612582 489724221395197203
129860145365501339 466651672345769562
43462069504154817 25873606325020009
395749089465514435 133705947352928884
6791321935055243 366310966062042033
337043191813192263 455529653734751227
161382479403991613 198669901345583850
141224785952506736 429850992482047073
23497965061922177 357312457307546887
470902361030615744 234706070341965510
260771239738200920 453025583302925160
190519910306587861 80903503011963976
88...