500000
460573450117628798 392911204725134492
95099344925982678 284834268192243087
422342352544140017 50054660634530144
268162830543333765 235547217226664547
310515475554870679 539217832833730364
364948905488385061 184517618235112005
416506362035468627 565988677845641023
391955999235509951 558382944789770496
480546570868606136 322675547909965617
421540506045498725 77404518271827973
224286920513869091 377134730720533173
524191003057544562 279420652281263813
97290364776420367 542444579543545835
...