500000
389781102318614801 354537654656541314
271832678341248351 436504539363704571
128503760918424610 357920080299805094
493233933861922916 45483320271677296
505985872923131827 264893631152211151
460231140165005232 347594254717353058
306205427674367722 7534645160040048
527360276182724608 105063551882112769
436050650837098163 167681483063772306
45164720216483787 149338851656651694
452978829827727058 566543984324925970
331511707551280951 396327804544935222
203507049471789457 443955270663421487
...