500000
564781372880393719 173624503281838789
452216620802110096 511265532274963080
305774586239139572 341729070348827725
97749386637473507 552633869210179880
92016460485076852 316490608752479464
7272268279774254 109154039101817636
392333933497945980 253642529682950052
311866500479989895 20608616262758846
541641523093461277 97684140221218861
324632445635907121 111199529107630589
217105651370030217 369080108047679023
360406621573283045 9382534166139777
273182699111072493 283506856218880344
4187...