500000
373961598855870329 124150347968361302
489830666340004169 423377214972583913
400621589987374757 296710667091804178
288541960627156883 280811559614227466
3027991460515927 197418519558472671
42574063850785012 216524836333208049
47322396352051647 484199155618219970
547361351411051024 114479753932333275
336613101077064595 258253990190151306
171236922566848435 467003483791314737
369934746593174609 20371922024105901
111510028775198132 241748471440658320
495616150961669569 66650191939621777
27...