500000
463088638143853993 92543867990725178
222486846019879754 108168989310357160
310088217181542726 99103475317029884
163141834222986887 555281106465443885
99798198802644581 495935948580571127
126136227149734053 178671285413218950
209009574212618487 122608569127652805
511346065668180292 357094994293370383
521071233734816614 244731832424452815
330177099461817252 248562203337276344
439660948060671810 327958972626624137
520090958314854799 209853504304424801
407368814042237887 85667850783614442
...