30 0
729 934
840 709
871 893
299 567
861 937
281 807
783 536
750 248
645 173
213 193
709 298
785 594
752 173
783 576
785 452
985 1000
281 800
30 0
785 613
281 921
1000 8
1000 8
30 0
785 178
871 675
417 567
1000 8
785 394
277 767
30 0
785 668
785 677
662 503
281 940
278 767
528 503
785 250
871 897
783 389
281 922
783 429
785 499
750 329
785 319
785 426
785 469
30 0
750 431
785 532
785 438
871 378
823 436
953 1000
785 377
30 0
709 476
785 233
394 193...