1000 1000
532 533 532 649
916 140 621 140
704 837 704 313
440 781 703 781
286 315 640 315
7 751 7 189
254 385 254 190
207 994 387 994
229 325 133 325
694 59 867 59
828 896 828 141
542 843 107 843
864 361 829 361
755 414 755 141
665 363 665 155
376 180 664 180
746 919 746 236
740 181 740 656
778 933 12 933
167 326 167 734
222 943 222 973
133 425 133 575
402 455 567 455
699 780 699 166
881 694 881 873
523 844 523 932
977 354 977 290
62 588 62 554
213 402 213 575
735 516 735 141...