70 79
33 32
79 28
72 79
61 88
48 31
31 0
24 35
0 56
100 100
100 18
22 36
34 63
33 33
35 37
33 40
58 99
84 13
100 18
100 18
38 67
37 0
82 100
0 0
61 2
95 21
33 31
0 84
1 94
24 32
54 98
22 36
0 56
68 60
95 0
92 67
24 34
87 100
71 100
6 0
67 100
100 64
59 20
19 30
73 61
0 56
12 86
18 62
0 82
33 40
33 29
61 0
100 53
0 56
35 35
35 29
100 40
3 0
35 27
35 26
37 0
71 100
17 100
100 88
12 0
65 79
33 31
22 35
92 67
14 0
40 35
86 49
24 100
60 8...