50 38
40 21
29 4
2 3
30 47
37 7
23 8
37 7
38 7
50 37
50 40
35 37
30 47
4 48
3 39
30 48
50 40
45 45
5 44
38 7
41 47
3 40
2 49
5 46
2 40
11 7
41 47
50 37
28 44
50 35
4 46
38 7
14 20
14 20
50 33
6 34
13 1
37 7
12 18
50 37
26 6
30 47
50 29
37 7
27 37
37 33
37 33
9 40
50 37
1 48
37 7
41 44
8 35
45 31
3 40
30 47
46 43
31 39
32 2
46 15
38 7
24 8
50 34
46 31
1 48
10 42
50 38
2 9
0 49
9 0
37 37
38 7
50 33
50 29
13 1
4 45
46 15
33 23
38 7...