185671
215675
265233
220944
238964
213218
242486
262362
250674
239162
226379
261100
243265
220763
192288
242706
254844
239080
252001
240611
248545
256339
215592
278089
215632
239434
243289
271106
232458
245350
214683
251029
236575
219559
244592
234807
282344
207237
274135
217643
247894
189540
247689
269453
193710
226599
259549
276067
256481
216433
244902
243966
243161
228497
263949
273587
257379
267463
245814
257146
276714
219071
270185
261256...