150137
150135
150134
150132
150130
150129
150128
150126
150126
150125
150123
150123
150121
150120
150119
150118
150116
150115
150113
150113
150111
150111
150109
150108
150108
150106
150105
150104
150103
150102
150101
150100
150099
150098
150098
150097
150096
150094
150092
150091
150089
150088
150086
150085
150085
150083
150081
150081
150080
150078
150077
150076
150075
150074
150073
150073
150071
150070
150070
150069
150068
150067
150065
150064...