150417
150416
150415
150413
150411
150410
150408
150406
150405
150404
150403
150401
150400
150398
150397
150396
150394
150393
150391
150390
150389
150387
150385
150383
150382
150381
150379
150377
150376
150376
150374
150373
150372
150371
150369
150367
150366
150365
150364
150362
150360
150358
150356
150356
150354
150353
150352
150351
150349
150348
150346
150344
150343
150343
150341
150340
150339
150338
150337
150337
150335
150334
150333
150332...