148085
148085
148084
148084
148083
148083
148083
148082
148081
148081
148081
148081
148080
148080
148080
148079
148079
148078
148078
148077
148077
148076
148076
148075
148075
148074
148074
148073
148072
148071
148071
148071
148070
148069
148069
148068
148068
148067
148067
148066
148066
148065
148064
148064
148064
148063
148062
148062
148062
148061
148060
148059
148059
148058
148058
148058
148057
148057
148056
148056
148055
148054
148053
148052...