200000 200000
476813 501694
172917 911767
80783 172321
350184 794506
149952 496579
86992 651605
91840 310977
351345 518041
705494 855584
175027 575108
726730 918899
727293 775324
72674 88721
43628 365685
62296 945413
4166 646863
165160 438084
192771 985121
160483 907855
10006 119582
543939 955412
47185 629433
180608 438775
322222 605515
322906 488326
716895 805173
483745 607865
111060 991329
80961 90592
291211 993126
628918 656297
100805 129939
129953 591532
123532 235286...