100 10000
693 3558
2118 4442
3202 8497
5833 9929
1909 7385
3612 5322
6075 7852
7956 9753
3842 4433
4486 4941
1259 6738
1465 3676
1143 9636
2558 9503
3615 3819
2871 9518
3472 8475
4578 6135
4103 9012
4426 6852
3873 9647
1198 3382
1733 2499
4281 9001
5160 6664
3648 7162
4536 8793
8584 9362
3729 3787
3991 8854
3955 4060
3581 6995
3797 7181
2126 6090
4801 9591
610 3656
1742 2413
4428 9316
7905 8845
349 7346
1284 5539
4573 5561
3476 9482
8706 9040
81 6606
1175 9254...