99999 46510
62835 69428
13514 18824
68418 45397
28393 98095
696 1985
94943 85815
58158 17495
87329 82581
94751 22779
56263 31057
32154 13117
78657 35227
73670 72230
38886 90777
75742 13940
16728 58878
32781 16902
57472 14930
7960 57497
50580 76544
65928 84534
51528 61875
17636 18289
26642 8644
11941 88415
4969 67975
23011 44514
29455 76952
3484 55029
5833 22090
60957 38852
72057 42228
89304 98631
78374 38068
11308 28614
69350 18688
13318 93280
54305 44686
32485 82379...