100000 97920
4 5
6 7
8 9
10 11
11 12
13 14
14 15
16 17
17 18
19 20
20 21
21 22
23 24
24 25
25 26
27 28
28 29
29 30
31 32
32 33
33 34
34 35
36 37
37 38
38 39
39 40
41 42
42 43
43 44
44 45
46 47
47 48
48 49
49 50
50 51
52 53
53 54
54 55
55 56
56 57
58 59
59 60
60 61
61 62
62 63
64 65
65 66
66 67
67 68
68 69
69 70
71 72
72 73
73 74
74 75
75 76
76 77
78 79
79 80
80 81
81 82
82 83
83 84
85 86
86 87
87 88
88 89
89 90
90 91
91 92
93 94
94 95...