100000 100000
7446 54247
93523 39522
64882 28272
21645 18492
98619 67228
59513 10033
86286 43040
64250 44153
20191 50998
88587 68338
33058 29318
48995 68634
62341 8976
92212 61254
74944 42776
36621 54178
4581 9422
26399 30918
96498 95161
36508 65425
9446 45631
67387 31812
85903 72179
41785 43901
26177 60348
2137 56847
95363 61182
55276 25658
260 82664
17164 47245
26667 81433
29474 51156
5708 92911
64999 2175
61814 49038
50024 61394
73609 44713
72258 58114
45637 65615...