-1
-1
-1
-1
11
-1
12
-1
-1
-1
-1
-1
-1
-1
-1
-1
-1
-1
21
15
-1
-1
-1
-1
7
-1
18
-1
-1
-1
-1
-1
-1
-1
5
-1
-1
-1
3
6
-1
-1
-1
-1
-1
6
7
19
-1
-1
-1
-1
-1
7
17
-1
24
-1
-1
-1
-1
-1
16
4
-1
-1
27
-1
-1
11
-1
10
-1
-1
-1
-1
-1
-1
-1
-1
-1
6
-1
-1
-1
-1
-1
-1
-1
20
19
-1
-1
19
17
-1
4
-1
-1
12
-1
-1
-1
-1
-1
-1
-1
8
15
-1
28
-1
-1
-1
-1
-1
19
24
-1
-1
-1
-1
-1
25
-1
25
22
-1
-1
-1
7...