467
970
2203
2571
1480
2023
409
1962
1714
2367
486
20211
1021
102
2814
852
2745
1674
17
2931
1122
2211
638
2132
2233
63078
1978
2350
530
405
1757
2216
177
390
3038
10603
361
1100
1309
2740
69486
3564
2600
1808
2966
2223
106
72
1405
279
2897
3033
1580
2755
1359
635
1433
2003
3492
3303
33859
3009
1116
2522
2540
2411
1669
37466
698
901
2811
78396
2787
2382
407
3197
563
937
1068
1148
3534
3577
3526
1577
2889
97460
1098
2404...