2913
1415
725
7002
2275
623
1463
172
168
2206
3529
996
1555
449
2995
1835
3418
3159
351
3520
513
557
14
1999
341
987
3663
3927
2376
180
341
211
463
866
2258
1694
3538
272
3597
3312
2424
3482
3004
1391
1365
3978
1500
2863
3892
3327
3790
3194
2535
653
2948
873
3369
946
2088
873
991
3876
2421
3535
2267
3340
2429
3598
1364
1360
2836
1261
2667
991
870
3491
3408
1857
1644
2834
2706
1465
162
1611
2413
323
1569
1785
2032
1632...