2605
3247
2992
1224
3401
3534
595
3036
2997
2461
3822
1036
167
3080
833
2055
1049
3596
2954
2027
2964
497
656
1362
12352
2202
2493
3349
2893
2073
3663
267
501
43
3738
3007
1971
218
2180
3525
2089
1554
2667
1507
2318
1049
1315
1035
3195
1356
2068
694
1553
1086
3125
2644
3269
2373
1544
2151
2074
2437
2289
1817
1154
2816
554
3626
862
2873
2556
1952
17316
2657
3088
2823
3083
1771
685
1606
683
1019
2792
1663
197
57
1644
3863...