3050
2526
1290
81
2483
2699
430
3707
2916
3020
3830
3370
2045
730
2711
2870
1400
2367
389
1015
12
1426
375
2286
413
2270
3048
2930
1153
357
2854
857
1283
2824
93
2779
500
2368
1905
857
754
823
2365
3301
20
515
3183
1675
265
2420
843
3785
2431
456
2550
2141
2562
3112
2715
1555
1177
2420
975
1065
2577
2618
1245
3791
1920
2719
20816
2933
470
1936
6709
2228
3284
978
2705
679
33
1026
1880
2515
2397
3080
3601
3584
1065
2286...