2626
2480
1421
3498
1655
1008
1812
944
1880
188
830
748
465
20678
590
2511
3642
636
3651
278
1375
1649
1002
35
1774
911
20150
1380
2594
658
2663
2078
1556
774
312
2304
2716
2412
2158
3389
24604
20995
744
1953
2554
867
2940
2887
1529
1495
3044
1486
3079
1012
28277
2692
508
2485
1538
967
2044
3261
2606
34460
606
1485
1835
1486
2463
633
2114
298
636
198
676
2809
325
3087
2247
502
2631
17894
1785
1911
124
124
2418
2095
643...