5000
3 3
111
010
001
3 2
11
01
11
3 3
111
011
110
3 3
001
111
010
3 2
11
11
01
3 3
000
000
000
3 3
011
000
011
3 3
000
000
000
3 3
110
000
100
3 3
100
011
111
3 3
101
001
001
3 3
111
110
111
3 3
000
000
101
3 3
111
111
111
3 3
000
000
000
3 3
111
111
111
3 3
011
000
000
3 3
110
000
011
2 3
010
101
3 3
001
000
000
3 3
001
011
010
2 3
010
000
3 3
111
011
111
3 2
00
10
01
3 3
000
000
100
3 3
110
000
101
3 3...