5000
3 3
101
111
111
4 3
110
001
101
101
4 3
000
100
100
111
4 3
000
000
000
001
4 3
111
111
111
111
4 2
11
11
11
11
4 2
11
01
10
01
4 3
011
101
110
110
4 3
111
100
111
000
4 3
010
000
000
000
3 3
111
110
111
4 3
000
110
000
000
4 3
011
101
111
011
4 2
11
11
11
01
4 3
000
000
000
000
3 3
111
111
110
4 3
101
011
000
010
4 3
110
001
100
110
3 3
101
100
010
4 3
010
000
000
000
4 3
000
100
010
001
3 2
01
00...