171
171
171
171
171
171
0
171
171
171
0
171
171
513
0
342
171
171
171
340
171
171
171
171
171
171
171
171
171
342
171
171
171
171
171
0
342
171
171
171
170
171
171
513
171
171
171
171
171
0
171
171
171
171
171
171
0
171
171
0
171
171
171
0
171
342
171
171
171
171
171
342
171
171
171
171
342
171
171
171
171
171
171
171
171
171
171
171
171
171
171
170
171
171
171
171
171
171
0
171
171
171
171
170
171
171...