2000
437 -242
145 -478
-315 -388
-22 -499
-398 -302
339 -367
-487 113
404 -294
-147 477
301 -399
128 -483
56 -496
457 -202
322 382
58 -496
-392 -310
99 490
423 -266
-354 353
-44 498
51 497
459 -198
-94 491
272 419
90 -491
-416 277
278 -415
223 447
463 -188
-98 490
-337 369
282 -412
177 467
334 372
127 -483
373 -332
254 -430
-108 488
-264 -424
-436 244
82 -493
407 290
-272 419
-333 -372
-144 -478
9 499
-310 -392
362 344
-164 -472
-232 442
-349 358
-498 44...