90
-99843 -9892
-98906 -37746
-96625 91655
-95067 -35586
-94826 -16028
-90284 29344
-87901 2825
-85786 92003
-84478 52237
-80665 -95194
-80427 -45017
-79069 -73010
-76824 -27339
-75498 78418
-72030 -43753
-69847 -14250
-68074 -51578
-64868 45899
-62952 -94223
-62175 90804
-60193 -97507
-57183 -41007
-56781 -85688
-53769 -2146
-47297 90507
-39051 -47148
-36862 27808
-35715 89011
-32649 78741
-29226 -22799
-27615 -83384
-25003 52999
-24765 10887
-23613 -22034
-21650 -44584...