2313
-99991 13381
-99908 -17758
-99708 -41767
-99692 68785
-99636 91504
-99634 74657
-99577 -24687
-99557 -37310
-99422 -73691
-99366 -93761
-99322 99163
-99264 31645
-99254 21416
-99165 76287
-99139 5631
-99118 -28281
-99049 -5572
-98984 -36025
-98918 -56018
-98660 -9936
-98649 2541
-98586 -56848
-98523 -99588
-98418 74470
-98369 11771
-98359 51827
-97963 38221
-97944 -48081
-97780 18492
-97730 -62767
-97597 -99379
-97497 -34775
-97231 -11266
-97222 -23808
-97144 -42634...