19876 12542
2964 4 -1 8023 -1 -1
4879 4 -1 11414 6726 -1
9844 5 4793 -1 2308 -1 -1
5493 7 3920 11296 -1 12039 2675 -1 6735
8406 13 6589 3626 2817 -1 2666 6065 4510 -1 -1 -1 -1 6974 -1
754 5 11402 7650 -1 -1 5068
7877 6 4593 4591 -1 -1 -1 -1
7965 4 -1 4325 6277 7763
9230 8 11313 -1 7639 4784 -1 7763 -1 7934
9929 12 7240 -1 2078 -1 1257 4229 6113 -1 -1 -1 -1 7373
6476 13 747 -1 10546 -1 4469 880 9999 8291 3823 10892 5146 -1 -1
12059 4 -1 -1 10658 4403
3940 8 -1 -1 -1 -1 3784 10119 4446 11579
77...