9876 2542
668 2 306 -1
1479 3 -1 1330 -1
1367 9 -1 -1 -1 -1 -1 -1 -1 -1 -1
1556 1 -1
592 14 359 -1 -1 -1 -1 -1 1600 -1 1939 669 -1 -1 -1 1919
620 6 -1 -1 1771 2006 525 -1
733 43 1643 -1 1218 -1 2291 -1 1150 -1 391 -1 -1 -1 -1 -1 -1 -1 427 -1 -1 -1 2132 -1 -1 -1 1635 628 -1 1466 -1 1730 -1 -1 -1 297 -1 1695 2100 210 -1 1510 94 1631 -1
2524 20 -1 2322 -1 256 2245 -1 -1 1898 598 -1 -1 1911 -1 1400 164 146 -1 454 193 -1
2038 8 -1 -1 -1 -1 433 -1 2274 -1
2023 4 2021 764 -1 1221
1035 4 2024 -1 -1 -1
...