-1
-1
-1
35
-1
-1
30
29
29
-1
30
-1
-1
21
-1
-1
-1
29
-1
-1
27
27
35
-1
-1
-1
-1
-1
-1
26
-1
-1
30
-1
26
-1
-1
-1
-1
-1
-1
-1
26
27
-1
30
27
-1
35
27
-1
-1
35
-1
-1
-1
27
30
-1
-1
35
29
-1
35
29
35
29
-1
-1
27
-1
-1
-1
-1
-1
-1
26
-1
-1
20
29
30
-1
30
-1
35
-1
30
-1
24
-1
-1
24
-1
-1
26
20
-1
-1
-1
35
-1
-1
-1
-1
-1
26
29
-1
34
-1
-1
-1
-1
-1
-1
-1
27
-1
-1
-1
-1
-1
-1
-1
-1
35
-1...