-1
39
43
40
42
42
41
-1
-1
-1
-1
26
-1
54
-1
-1
-1
-1
-1
-1
54
-1
-1
42
54
-1
46
-1
-1
43
-1
-1
-1
41
40
-1
-1
-1
50
52
46
39
-1
-1
50
-1
-1
-1
54
37
-1
-1
41
-1
-1
-1
43
42
43
-1
46
-1
50
-1
41
-1
-1
43
41
40
-1
-1
-1
-1
-1
-1
43
-1
50
-1
-1
-1
-1
-1
-1
50
-1
54
46
-1
40
-1
41
-1
46
46
42
-1
50
-1
43
-1
-1
-1
-1
-1
-1
-1
-1
54
-1
43
54
-1
50
-1
-1
37
-1
-1
-1
-1
-1
-1
-1
-1
-1
46...