-1
48
-1
-1
49
-1
-1
-1
49
-1
-1
-1
-1
-1
-1
-1
63
-1
34
-1
-1
-1
-1
45
-1
-1
-1
-1
43
63
-1
56
57
-1
-1
63
-1
-1
63
-1
61
45
39
-1
53
63
-1
-1
49
-1
-1
-1
63
-1
-1
56
-1
-1
63
-1
-1
57
-1
-1
45
-1
-1
-1
-1
56
-1
-1
63
49
-1
48
-1
-1
42
-1
48
-1
-1
-1
-1
-1
-1
-1
-1
63
-1
-1
-1
-1
-1
49
-1
41
-1
-1
57
-1
-1
-1
-1
48
-1
-1
-1
-1
-1
49
45
-1
-1
-1
-1
-1
63
48
-1
-1
-1
-1
-1
42
63
-1...