809
809
809
809
809
809
809
809
779
809
809
809
804
809
779
-1
809
809
809
779
809
809
809
809
809
725
725
809
779
809
809
809
809
809
745
809
809
809
809
779
-1
809
809
779
809
809
809
809
809
809
809
809
809
779
776
779
809
809
809
779
809
809
809
804
725
778
809
-1
809
809
809
809
809
809
809
809
778
776
809
809
809
809
809
809
809
779
809
809
809
809
745
776
809
779
809
809
809
809
809
809
809
809
779...