1444
1444
1286
-1
1444
1444
1444
1444
1444
1444
1286
1444
1444
1444
-1
1444
1444
1342
1342
1342
1327
1342
1444
1392
1444
1444
1444
1444
1342
1286
1444
1444
1286
1444
1444
-1
1444
1444
1444
1444
1317
1342
1444
-1
1444
1342
1444
1286
1342
1444
1353
1444
1342
1444
1444
1444
1353
1444
1444
1342
1286
1342
1342
1444
-1
-1
-1
1444
1444
1342
1444
-1
1342
1444
1342
-1
1444
1382
1444
1444
-1
1342
1444
1392
1444
-1
1444
1342
1444...