-1
-1
-1
11867
11637
-1
-1
-1
11833
-1
-1
-1
-1
-1
-1
11589
-1
-1
-1
11988
-1
-1
11883
-1
-1
11789
-1
-1
-1
11867
11649
-1
-1
-1
-1
-1
-1
-1
-1
11549
-1
11570
-1
-1
-1
-1
-1
-1
-1
-1
-1
-1
-1
-1
-1
-1
-1
11867
-1
11597
11867
-1
-1
-1
-1
-1
-1
11767
11790
-1
-1
-1
11954
-1
-1
-1
-1
-1
-1
-1
-1
-1
-1
-1
11923
11707
11637
-1
11549
-1
11923
-1
-1
-1
-1
-1
-1
-1
-1
-1
11661
-1
-1
-1
-1
11767
-1
-1
-1
-1...