-1
-1
1627
-1
-1
1620
1651
-1
-1
-1
1592
-1
-1
-1
-1
1588
-1
-1
-1
1608
-1
-1
-1
1637
-1
-1
-1
-1
-1
-1
-1
-1
-1
-1
-1
-1
1580
-1
-1
-1
-1
-1
-1
-1
-1
-1
-1
-1
-1
-1
-1
-1
-1
-1
1647
-1
-1
-1
-1
1625
1628
-1
-1
-1
-1
-1
-1
-1
-1
-1
-1
-1
-1
-1
-1
-1
-1
-1
-1
-1
-1
-1
1624
1647
-1
-1
-1
-1
-1
-1
-1
-1
-1
-1
-1
-1
-1
1630
-1
-1
1648
-1
-1
-1
-1
-1
1605
-1
-1
-1
-1
-1
-1
-1
1545
-1
1653
-1
-1...