100000
4321 7051
5192 10485
7598 10371
4372 6113
6076 10110
1410 8696
9774 10826
3163 10435
4310 7921
3172 5339
4638 4865
7292 9852
4637 9520
8814 10249
5984 6594
1982 3531
7477 9296
9610 10593
848 9809
342 6028
4595 6124
1599 6533
1685 4454
2897 10107
190 6323
1059 8980
6289 9853
2249 6373
1529 6721
1933 5634
1954 9011
4370 10496
5396 5964
6659 10987
5879 6792
7361 7486
7679 9078
4291 6528
7733 8429
9512 10281
2404 8903
2207 6063
9846 11070
1973 6547
2637 9927...