100000
170899 279444
210176 297367
134994 190208
36731 269882
101801 192748
21751 122500
127629 198567
156969 213840
46638 80462
15938 73805
19271 97849
121787 277142
81862 272070
75667 214050
215493 261155
196266 198897
115832 171667
154119 277506
267482 322517
20602 131216
234575 311995
166425 299689
34389 67754
117622 253970
91742 174065
34053 299753
85991 103126
116489 250184
141482 198034
38030 126717
52063 245868
74962 296304
109105 207171
45753 72519
250545 312199...