777 239 172
100 268
38 203
100 220
59 77
16 342
67 44
42 194
100 221
5 206
10 224
70 35
30 172
99 181
96 194
42 159
100 341
100 35
78 53
100 255
56 155
92 278
52 94
100 215
39 243
100 246
56 27
85 127
75 57
63 144
100 186
2 59
50 116
14 306
10 104
100 213
92 153
100 254
90 189
47 179
100 282
83 109
47 201
100 53
15 92
21 124
88 239
45 292
100 43
58 153
81 284
87 37
40 185
84 299
46 225
23 152
3 176
92 42
96 337
64 189
53 289
68 30
91 143
84 92...