539 371 985
86 455
0 933
99 83
68 430
100 1886
75 456
44 744
100 252
25 200
51 1601
49 1887
92 489
99 445
66 827
93 1328
73 1521
52 193
7 409
26 1693
5 1891
72 1914
36 1845
100 604
74 104
66 1454
56 1965
63 975
94 1860
45 455
53 1511
22 1422
100 368
15 916
50 488
45 1674
100 1954
100 407
35 625
72 1083
39 192
50 1855
86 289
64 888
26 1877
22 1528
100 496
86 848
41 278
40 1485
20 906
100 1056
73 855
43 1572
100 1854
100 1130
100 1785
56 1022
100 105...