990 191 959
9 1475
33 1334
73 1056
11 203
51 755
100 695
44 1089
42 695
47 1064
100 720
42 1028
68 661
64 452
47 1248
35 1157
26 953
63 1087
44 1470
40 1364
21 1701
45 181
79 1591
20 510
63 1800
43 884
43 230
82 1617
39 495
26 11
55 1697
57 1389
100 367
86 113
81 1005
7 757
8 112
33 282
94 567
8 103
35 176
56 350
63 285
100 1249
78 47
100 1633
54 538
80 1579
97 1272
54 500
29 1512
49 560
8 1258
60 1796
100 669
21 247
100 866
100 1773
100 677
9 359...