719 987 836
76 1395
51 679
44 721
34 75
69 887
24 363
15 1081
43 339
38 45
96 1304
39 613
46 294
97 561
84 281
98 994
6 1071
41 97
76 1416
30 1294
85 232
23 75
44 462
72 128
75 935
77 562
0 131
52 1222
23 1030
2 1611
94 455
45 1167
41 1593
64 651
4 625
83 1571
20 227
22 356
86 384
34 1376
69 1232
98 448
85 1288
61 503
36 978
50 612
22 1342
71 294
93 982
10 690
66 975
77 567
70 966
34 224
21 1509
13 794
75 51
69 605
40 1042
10 1134
62 1451
53 829...