90
1 5851 6104
1 -12092 -10838
2 2 1
1 -15882 -14231
1 18850 20715
2 2 4
1 16936 18944
2 3 4
1 1389 4381
1 22141 25162
2 2 4
2 4 6
1 -23237 -19235
2 7 4
1 -27478 -22541
1 -26277 -21013
1 -800 5078
1 -3922 2610
1 -25546 -18034
1 -19791 -12080
1 -955 6885
1 -19537 -11246
2 6 7
2 4 14
1 19732 28737
2 6 1
1 -28655 -19373
1 -24955 -14686
1 -10333 926
1 -1375 10732
2 5 9
1 6629 18837
2 7 6
1 -24129 -11840
2 19 17
2 3 16
1 -23231 -10744
1 13542 26151
1 -28151 -14980
2 9 11...