96
1 4121 4971
1 22109 23698
2 1 2
2 2 1
2 1 2
2 1 2
1 25623 27428
2 2 3
2 3 2
1 -1269 1485
2 2 1
2 3 4
1 4252 7874
2 5 4
2 5 3
1 -28410 -24387
2 6 3
1 -29564 -24829
2 2 5
2 6 5
1 6210 11643
2 5 1
1 19742 25468
2 5 6
1 -14375 -7947
1 -14061 -7213
2 2 7
1 3750 10643
2 11 8
1 -9476 -2555
1 16294 23900
1 -16588 -8902
1 -12734 -4954
2 4 16
1 15933 24419
2 2 17
2 5 1
2 17 14
2 6 11
1 -25749 -16914
1 -13723 -3996
2 9 14
1 18124 28254
1 6033 16980
1 -6719 4795
2 7 11...