92
1 -12913 -12749
1 -16492 -16043
2 2 1
2 1 2
2 1 2
2 1 2
2 1 2
1 -17534 -16811
1 2559 4191
1 -25444 -23298
1 -18217 -15546
1 -17556 -14025
2 1 2
2 4 3
2 3 6
2 1 2
2 6 1
2 4 3
2 1 4
2 6 2
2 3 1
2 3 4
1 -14377 -9948
1 -17210 -12720
1 10222 15380
1 5823 11160
2 6 9
1 -31282 -25479
2 2 10
1 16614 22691
1 14735 20873
2 11 14
1 -12723 -6485
1 -19698 -13163
1 27904 34678
2 2 14
2 9 1
2 1 11
1 19970 27435
1 -32196 -24298
1 -15954 -7674
2 6 20
2 6 8
2 5 19
1 1171 9702...