91.93067
98.54379
97.90200
93.54651
95.53789
70.15096
73.88415
79.52461
78.51418
42.93817
44.38352
31.47563
83.02998
15.28823
84.57338
53.39855
14.25621
18.99552
98.89127
34.70889
57.81936
89.06860
88.78868
23.04346
95.53004
39.87629
39.44696
65.02621
59.65230
68.71082
47.84778
27.89524
28.68163
56.66817
9.16906
67.21877
49.69967
31.54998
90.33661
60.69107
50.36781
102.58576
81.53458
101.14325
19.14923
102.89704
10.58172
65.84046
49.49616
44.76068
50.55308...