4790
59 45
45 56
45 59
45 56
45 59
45 56
45 59
45 56
56 45
56 59
56 45
56 59
56 59
56 45
56 59
56 45
56 59
59 56
59 45
59 45
59 56
59 45
59 45
59 45
59 56
59 45
95 59
59 95
59 56
59 56
59 95
59 56
56 95
56 95
56 59
56 59
56 95
56 59
56 95
95 59
95 56
95 59
95 56
95 59
95 56
95 59
95 59
95 56
56 95
56 59
56 59
56 95
56 95
56 59
56 95
56 59
59 95
59 95
59 95
59 95
59 95
59 95
59 95
59 95
59 95
59 56
4 95
95 59
95 4
4 59
4 59
59 95
59 4...