10183
173 111
111 173
111 173
111 173
111 173
111 173
111 186
186 111
186 111
186 111
186 173
186 111
186 173
173 186
173 186
173 111
173 111
173 186
173 186
173 111
186 98
98 186
98 186
186 173
186 173
186 98
186 98
98 173
98 173
98 173
98 186
98 173
98 186
173 137
137 173
137 98
137 98
137 173
173 137
173 98
173 98
173 137
173 137
173 137
173 98
173 137
173 98
199 137
137 173
137 199
199 173
199 137
199 173
173 199
173 199
173 199
173 199
173 137...