21305
100 79
100 386
79 287
287 100
287 100
287 79
100 805
100 805
972 100
100 287
100 972
100 972
63 287
287 100
287 63
63 287
63 100
100 287
100 287
100 287
100 63
287 157
157 100
157 287
157 287
263 100
263 157
311 263
311 100
100 311
100 311
100 263
381 311
311 100
311 381
381 100
381 311
381 311
483 100
483 100
483 381
537 100
100 483
100 537
537 483
537 100
537 100
572 483
572 483
572 537
649 483
649 483
483 649
483 572
483 649
649 572
649 572...