34686
974 879
879 896
879 896
879 896
879 896
896 974
896 974
896 974
896 974
896 974
896 879
974 624
624 896
624 974
624 896
624 974
974 896
974 624
974 624
974 896
896 974
896 624
896 974
896 974
896 624
624 896
624 896
624 974
624 974
974 896
974 896
974 896
974 896
974 896
974 624
42 896
896 42
896 974
974 42
974 42
42 896
42 896
42 974
42 974
527 42
42 896
42 527
527 896
527 896
527 896
527 896
896 42
896 42
896 42
896 42
896 42
896 42
896 527...