41655
54 205
205 950
205 950
205 54
205 950
205 54
205 54
205 950
687 54
54 205
54 687
54 687
54 205
205 54
205 687
205 687
687 54
687 54
687 54
687 205
205 54
205 54
205 54
205 54
54 687
54 205
54 687
54 687
54 205
205 54
205 687
205 54
205 54
205 54
205 687
687 54
687 54
687 54
687 54
687 54
687 54
687 54
687 205
54 687
54 620
35 54
54 687
54 35
35 687
35 687
35 54
35 54
35 54
35 687
527 35
527 54
54 527
54 527
54 35
35 54
35 54
35 54
35 527...