71035
91 483
483 91
483 91
483 91
483 41
483 41
483 41
483 91
483 41
41 91
41 91
41 91
41 91
41 91
41 91
41 91
41 483
41 91
41 483
91 118
118 41
118 91
118 91
91 118
91 118
91 41
91 118
118 91
118 41
118 91
118 41
41 118
41 118
41 91
41 91
41 91
91 118
91 41
91 41
91 41
91 41
91 118
118 91
118 91
118 41
118 41
41 91
41 91
41 118
41 118
41 91
41 118
41 118
41 154
154 91
154 41
41 91
41 91
41 91
41 154
154 41
154 41
154 91
154 91
154 91
91 41...