1378
24 33
33 7
33 24
33 7
33 7
33 24
33 7
7 24
7 24
7 24
7 24
7 24
7 24
7 24
7 24
7 33
24 7
24 5
24 7
24 5
5 7
5 7
5 24
5 7
5 24
24 7
24 7
24 7
24 5
24 7
7 24
7 24
7 24
7 5
7 24
7 5
36 24
24 36
24 36
24 36
24 7
24 36
20 24
20 7
7 24
7 24
7 24
7 20
7 24
24 7
24 20
24 20
24 7
24 7
24 20
24 7
7 24
7 20
7 24
7 24
7 20
7 24
7 24
7 20
26 24
24 7
24 26
26 7
26 7
26 24
24 7
24 26
24 7
7 26
7 26
7 26
7 24
7 24
24 26
24 26
24 7
24 26...