735 261 563 27
303 565
622 921
450 756
572 148
599 149
459 756
174 745
179 606
174 873
345 276
93 122
94 493
466 534
40 56
404 578
923 128
894 255
868 627
515 519
226 13
504 529
889 99
338 752
492 993
444 677
230 204
476 549
950 971
995 310
677 736
848 763
212 461
633 222
207 722
621 157
792 578
544 557
777 941
803 835
474 993
647 154
859 577
302 254
838 400
167 15
165 374
772 105
139 897
713 120
882 199
587 569
80 888
651 484
654 952
950 230
592 146...