55 1659196.56
92 1659196.56
102 1659196.56
184 1659196.56
236 1659196.56
275 1659196.56
29 1618132.80
10 1583863.44
67 1583863.44
47 1533553.92
201 1533553.92
145 1443550.80
135 1443384.72
61 1424389.92
255 1424389.92
198 1411212.96
12 1402860.72
52 1397061.12
122 1397061.12
140 1397061.12
276 1397061.12
285 1397061.12
78 1389393.12
158 1389393.12
226 1376943.60
246 1376943.60
291 1376943.60
166 1353147.36
189 1353147.36
3 1348267.92
7 1348267.92
26 1348267.92
42 1348267.92...