1000
2320 1286 1854
3484 408 4511
3891 4961 3092
1687 3351 836
3346 2250 1890
107 4115 4790
2880 369 4530
2935 3023 2547
553 2246 2576
2838 3008 2551
4564 4145 4127
4895 95 228
3857 914 2842
644 2266 517
4265 2950 2419
4039 3496 1198
1203 376 2788
2954 708 3017
4561 859 2128
2582 747 1057
3316 4377 4033
1882 2817 2498
2120 1139 4941
1078 1751 4900
1235 3548 3987
3294 4036 3386
2816 3200 861
1540 4282 1841
819 4835 3343
4533 2965 3700
682 2680 1058
208 3831 76
2438 3074 323...