28 912 801
11 7
3 7
15 4
12 23
19 11
26 4
1 16
13 10
8 1
28 7
18 7
10 11
20 16
22 10
9 27
24 23
17 24
6 1
16 12
2 11
4 6
21 10
25 27
27 15
7 23
14 2
5 16
374 802
116 905
100 802
689 802
742 802
327 700
491 700
156 802
418 643
469 802
148 905
226 802
322 304
530 439
86 905
749 219
880 439
805 700
39 700
629 223
777 439
83 700
353 640
181 905
184 700
903 905
367 619
411 905
771 439
791 439
141 802
348 802
762 802
784 195
577 905
517 905
641 700...