100000 3
1
3
4
2
6
12
16
17
5
7
18
20
21
22
8
9
10
23
11
24
13
25
27
14
15
30
31
19
26
32
28
33
36
37
38
29
34
41
35
42
39
40
43
44
45
46
47
48
50
51
53
49
55
58
52
54
56
60
61
57
62
63
59
64
65
67
68
69
70
66
71
72
74
75
73
77
76
80
78
81
86
88
90
79
82
93
94
97
98
99
83
84
103
85
87
89
91
92
106
95
107
96
100
101
108
102
109
110
115
119
104
105
111
112
127
113
114
116
130
117
131
118...