100000 2
1
7
2
17
3
19
21
10
23
11
25
14
4
5
6
30
34
35
8
9
22
26
37
28
12
13
46
15
29
47
50
16
54
31
18
20
32
36
43
57
48
60
61
58
24
62
59
63
65
66
27
64
33
38
39
70
78
40
85
41
42
67
88
90
44
45
92
99
71
49
72
103
73
51
104
52
77
107
53
79
110
55
56
82
114
68
116
119
122
69
130
133
86
135
74
139
75
89
91
76
80
93
81
83
146
84
95
96
98
87
150
106
94
158
159
160
165
108
97
111
167
100...