82728 4
7992
82727
82726
82725
82724
82723
82722
40763
62095
82719
82718
82717
82716
82715
48614
82713
34298
82711
82710
82709
82708
82707
82706
82705
82704
72033
35623
82701
82700
18751
82698
82697
80263
78265
82694
82693
15640
82691
82690
34295
82688
82687
82686
82685
82684
82683
82682
82681
82680
82679
73450
82677
27703
82675
70370
82673
82672
82671
61528
82669
82668
82667
82666
82665
82664
82663
82662
82661
82660
82659
82658
82657...