1000 1560
994716631 985312196 550 891 0.936156
141825121 79071978 332 96 0.922963
757975909 954693100 1347 1175 0.871234
276608067 470674393 1273 4 0.821093
552268495 702504379 219 690 0.912601
53683301 921169611 585 410 0.928856
31795069 244021698 1169 1423 0.995970
599887581 555076094 1214 419 0.999894
207928042 509099281 1201 858 0.925800
629011569 76036129 882 460 0.989032
970036428 119191832 458 1379 0.907298
646856602 810233170 410 295 0.845216
512971408 848299226 434 967 0.867519
32478...