11393797
616277012
506578421
331740537
911427166
15697314
204443182
100809833
788537711
510151519
319869707
43047444
297172777
482469825
551902181
706645383
693553688
323359222
970891139
559969220
642156124
717286093
566802996
800354563
197719598
899682067
186658362
126887644
946117150
432905210
563624285
167189156
161165985
808786312
801560403
658448414
69100845
557315025
635784460
160901834
916741723
386637802
129168316
446479096
951887044
397901962