0
0
0
0
0
0
0
0
0
0
0
77555954
87561421
850570490
961157169
789094443
20448775
685587608
635209245
922227518
351467623
863111419
532092571
312011430
91586200
272672863
402343228
752400198
128443402
421531418
243980881
247522565
268943738
158775808
693198261
525598653
508507333
571982683
784812579
596214394
807273448
386926182
815087962
683190309
565881988
564842292
20468910
158044662
449293954
426416145
206215024
912574005
468195443
631632800
229270724...