0
0
477577507
544218642
355315324
271920480
93207826
864918238
597497657
492969248
666703122
481651476
785695423
130782150
943880998
767395743
875591077
354583230
563300674
844369960
925711245
957760685
301570028
908305870
279256413
622880420
293892522
908396645
312954194
233555193
571950957
0
20432624
89112901
0
81217298
892974168
872119485
312661881
310962417
106100012
257783243
257491132
611485868
7385720
444786433
207380326
844901310
252927537
492387530...