0 4
4 0
0 5
0 3
4 0
0 3
0 3
1 0
-1 -1
0 4
0 3
0 4
1 0
1 0
0 4
1 0
1 0
1 0
0 4
1 0
1 0
1 0
0 4
1 0
0 4
0 4
1 0
1 0
1 0
0 4
1 0
1 0
1 0
0 3
1 0
1 0
0 4
2 6
0 4
0 4
0 3
0 2
0 5
0 2
0 4
0 4
0 4
0 5
0 4
0 4
0 5
0 4
0 2
0 4
0 4
0 4
0 4
0 3
0 5
0 1
0 3
0 4
0 4
0 1
0 4
0 3
0 4
0 5
0 1
0 5
3 0
0 3
0 1
0 5
0 1
0 3
0 1
0 5
0 5
0 3
0 2
3 0
3 0
3 0
0 3
0 3
0 2
0 3
0 3
0 3
0 5
0 2
0 5
0 3
0 3
0 2
0 3
0 5
0 1
0 2
0 2
0 5...