200000 2000000
3847749073197 -2579916036 2456787385
7414700421036 -4971556264 4734286108
13001202014898 -8717305961 8301267501
15362166671084 -10300332798 9808743358
17533724162579 -11756362006 11195282487
24694349409643 -16557561422 15767341489
27379615687916 -18358032215 17481884403
29648975548168 -19879638130 18930870684
30836821069966 -20676088746 19689309828
33297966089942 -22326286142 21260750758
33799704228520 -22662701552 21581110818
34532883999002 -23154298699 22049246385
380773191421...