10
2 1 5 8 10 6 3 7 9 4
3 7 10 6 9 5 4 8 2 1
200000
4 6 3 1
10 9 6 4
2 4 3 7
10 2 3 4
8 5 5 9
6 9 6 10
4 3 9 2
7 4 1 5
10 2 8 1
2 4 10 1
10 8 1 6
9 6 6 4
5 8 10 6
10 3 6 5
8 6 6 5
4 9 6 7
10 9 4 4
4 4 10 1
5 6 9 5
6 8 8 7
5 4 4 5
1 6 7 8
10 10 10 10
6 6 2 4
9 2 2 8
9 4 8 2
9 10 7 9
2 4 4 1
5 6 5 5
4 3 1 2
9 1 9 8
10 10 3 7
3 3 9 1
9 10 6 10
5 5 6 3
6 7 7 3
4 3 10 5
3 5 1 7
1 1 7 2
10 4 2 10
5 5 9 2
7 3 6 1
8 6 2 1
10 4 7 2
4 1 6 3
8 3 9 3
3 10 9 1
4 3 4 6...