16
153
191
179
26
155
14
406
665
52
131
168
13
178
74
626
14
184
165
14
178
1
10
109
121
0
38
222
39
5
232
18
5
70
14
162
98
118
142
17
170
79
38
31
13
203
128
147
263
5
107
83
22
17
12
45
45
162
10
26
135
243
22
34
377
42
260
86
168
117
6
306
125
21
196
159
15
38
248
40
19
46
8
15
173
14
108
14
27
111
19
61
72
143
323
46
34
119
53
119
17
28
3
226
322
94
76
194
28
114
73
106
96
174
184
46
40...