56
66
5
17
12
7
520
204
19
68
31
124
62
29
31
131
399
29
174
70
436
8
63
25
142
305
370
32
37
227
206
87
142
44
35
4
261
6
54
28
67
21
45
14
14
203
119
55
40
3
0
65
80
16
39
366
17
10
242
618
305
2
5
67
41
28
4
29
136
21
24
292
7
79
8
58
352
4
68
492
246
37
2
14
148
81
154
9
90
215
4
44
115
35
86
139
22
113
155
21
131
56
11
21
47
119
139
125
58
0
171
1
52
0
46
107
83
61
19
89
308
121
2...