7
598
1
62
115
113
11
31
69
95
46
212
688
201
441
16
58
141
151
52
1
37
114
254
188
203
30
103
137
22
516
2
3
63
122
90
18
109
191
262
374
9
176
529
205
117
117
14
6
93
335
149
9
40
7
247
145
108
94
654
244
38
240
151
0
29
200
312
335
211
7
94
0
111
422
53
34
151
93
3
59
5
0
56
14
18
24
347
15
327
306
0
31
421
726
34
54
164
46
103
396
39
15
1
11
55
0
34
69
302
93
674
70
30
175
78
109
312
2...