46900
249
11939
5227
396
20516
138
822
35137
8629
22238
17527
3702
708
41
31676
14176
763
2954
164
1082
935
2573
2641
8985
11082
4708
1887
5966
14176
33396
678
891
1658
117
13605
10159
21584
26262
8388
2183
5175
12399
12852
120
6431
357
12817
5533
36556
3615
1191
30178
10791
1298
8169
14533
5250
4570
26557
13690
122
17
4292
28479
19251
4218
3893
18544
3802
1565
1487
2745
5964
10598
43788
4981
13609
3123
5205
7876
22231
11116...