1924
191680
195335
159181
6438
1234
208300
4251
80879
150844
93928
36928
724
74381
1330
80286
115785
226493
10613
340182
79155
35529
113008
6182
66626
8017
5796
194175
50679
52924
53428
2182
33225
9339
36554
191771
21115
278469
38070
71768
173415
12630
16286
34463
3993
86225
156839
915
33359
13132
181611
39187
52865
146774
137974
87974
170899
346586
116043
58333
89015
155602
259962
204655
1924
43992
27178
119512
79640
12857
22960
13055...