999979
999982
999981
999994
999987
999979
999982
999983
999977
999982
999985
999984
999983
999976
999983
999982
999968
999979
999988
999978
999984
999983
999978
999980
999978
999981
999986
999980
999980
999978
999988
999975
999990
999990
999979
999981
999987
999980
999980
999978
999983
999983
999980
999993
999981
999983
999974
999971
999989
999973
999978
999984
999972
999979
999985
999998
999981
999981
999982
999983
999977
999972
999978
999971...