999988
999979
999991
999984
999980
999983
999984
999980
999984
999978
999977
999983
999985
999990
999996
999984
999985
999980
999979
999976
999975
999986
999986
999982
999974
999976
999980
999985
999978
999986
999982
999986
999980
999982
999974
999977
999986
999979
999981
999983
999982
999975
999986
999992
999987
999987
999984
999992
999985
999986
999990
999984
999982
999984
999975
999984
999984
999979
999976
999988
999971
999978
999981
999992...