999984
999982
999980
999988
999981
999987
999985
999989
999984
999981
999989
999979
999976
999993
999970
999971
999982
999992
999990
999975
999979
999981
999970
999975
999984
999978
999987
999972
999982
999983
999985
999977
999974
999987
999989
999981
999983
999986
999978
999988
999980
999989
999974
999995
999988
999983
999985
999968
999973
999985
999980
999990
999991
999987
999981
999974
999977
999971
999979
999977
999977
999981
999983
999984...