103879
79907
170023
714040
306355
188418
224658
528428
703603
216436
723863
35985
223080
45972
13479
256789
93449
27056
155222
25216
605002
1363
767317
209054
382244
681828
185859
743038
366576
208771
274633
181248
284995
293910
183006
140535
605969
852658
764357
75819
175659
72673
131005
397072
369229
665957
120583
72812
38295
8062
431923
173108
690973
110430
355119
481518
186310
578298
293134
595853
142813
354569
35
73805
358
53742
174116...