100 1000000
5 75
69 13
34 26
98 37
49 10
39 9
49 22
27 37
28 6
95 80
54 30
40 37
51 28
66 21
9 77
43 63
7 36
54 74
99 90
36 31
49 57
26 17
42 50
41 35
82 26
77 30
10 52
27 40
51 30
43 97
100 11
42 10
33 32
77 93
2 12
77 99
16 14
53 54
29 6
83 11
99 64
99 29
57 20
97 88
18 5
23 83
7 71
34 54
93 88
40 97
97 18
85 71
67 67
31 44
68 52
99 44
59 71
71 17
3 98
7 93
88 57
63 94
62 67
48 32
25 58
11 58
67 18
4 9
40 74
52 40
66 19
67 82
98 72...