98737
1 2
2 3
3 4
4 5
5 6
6 7
7 8
8 9
9 10
10 11
11 12
12 13
13 14
14 15
15 16
15 17
13 18
18 19
19 20
19 21
11 22
22 23
23 24
23 25
9 26
8 27
27 28
28 29
29 30
29 31
31 32
32 33
32 34
28 35
35 36
36 37
37 38
37 39
35 40
27 41
41 42
42 43
43 44
44 45
44 46
46 47
47 48
47 49
43 50
42 51
51 52
52 53
53 54
54 55
54 56
56 57
56 58
52 59
59 60
60 61
61 62
62 63
63 64
64 65
65 66
65 67
63 68
61 69
60 70
7 71
71 72
72 73
73 74
74 75
75 76...