193601
1 2
2 3
3 4
4 5
5 6
5 7
7 8
7 9
5 10
5 11
5 12
5 13
13 14
13 15
15 16
15 17
13 18
5 19
19 20
19 21
19 22
5 23
5 24
24 25
24 26
5 27
5 28
5 29
5 30
5 31
5 32
5 33
5 34
5 35
5 36
5 37
5 38
5 39
5 40
5 41
5 42
5 43
5 44
5 45
5 46
5 47
5 48
5 49
5 50
5 51
5 52
5 53
53 54
53 55
5 56
5 57
5 58
5 59
5 60
5 61
5 62
5 63
5 64
5 65
5 66
5 67
67 68
67 69
5 70
5 71
5 72
5 73
5 74
5 75
5 76
5 77
5 78
5 79
5 80
5 81
5 82
5 83
5 84...