1973
1534 9278
609 23929
522 79598
881 54166
4 54018
1035 97554
1609 42006
250 74190
868 94641
838 35733
1082 15655
932 60161
84 54802
1852 94479
254 27695
1566 98307
1650 97728
953 73609
1819 50529
823 90807
296 17416
1766 60364
79 75360
1086 95400
1261 6939
431 7325
601 22409
228 2369
621 40947
481 50353
131 46611
620 50608
775 92637
589 32659
662 82327
1971 900
301 16572
1433 67009
721 25
1365 66469
11 15576
637 56628
1553 40526
219 59219
55 12800
982 59309...