100
123 200
15 148
131 200
1 152
103 180
68 200
20 36
52 90
4 106
27 195
1 159
156 169
4 173
148 188
168 187
108 200
42 120
168 200
193 193
21 191
121 173
65 129
1 71
22 69
161 161
93 158
88 200
1 108
84 200
91 187
1 130
178 200
48 134
1 161
40 173
41 189
1 169
120 171
52 97
119 190
21 200
58 180
1 129
63 175
1 115
1 152
53 120
1 148
89 119
57 200
16 133
181 200
11 143
46 200
63 177
39 169
6 103
176 181
33 109
137 178
1 177
1 108
1 180
27 171...