100
1090 1096
156 1866
866 2000
1192 1969
219 449
1 1808
1077 2000
1 822
1450 1961
1 1857
525 1177
1163 1560
253 1338
399 636
699 2000
472 501
752 2000
930 2000
733 1341
1 1975
62 754
1 1591
1076 1966
47 711
475 2000
1 1829
371 875
327 1981
1 672
1937 2000
258 441
1228 2000
545 727
176 598
295 1609
337 2000
1537 1700
800 2000
1141 1196
17 1205
1 705
526 1954
1586 2000
953 2000
1214 1426
1 981
862 1541
1050 2000
490 1655
1 1928
918 1694
901 2000
437 2000...