100
1 1999
181 2000
333 847
1 1758
1512 2000
289 1916
1289 1788
1463 2000
720 1748
1 1352
217 455
1788 1967
1455 1873
1 1547
747 1584
604 642
1 1773
1 689
596 2000
1 1804
1300 2000
1 1886
263 979
338 1324
710 834
1 1759
1295 2000
765 2000
1 850
1 1182
445 1970
1 384
1 1725
1094 2000
1 1345
1100 2000
1114 2000
1621 2000
1114 2000
1557 2000
509 574
572 1454
355 1497
1828 1914
1515 2000
1 1075
36 780
602 2000
335 1185
1752 1797
1554 2000
1204 1586
235 1281...