100
1050 1391
1 1793
1373 2000
1425 1810
1211 2000
1248 2000
1668 1699
200 1654
1647 2000
1515 2000
728 2000
99 1708
414 517
307 1162
918 2000
1 1696
357 2000
580 880
1 1175
242 1522
1 1664
870 1402
201 743
931 2000
1 639
648 1985
409 750
1 1978
1074 2000
537 882
217 1084
1 1627
1 916
1239 1528
404 1779
972 1397
993 2000
257 2000
1 1111
731 1144
390 1465
1 690
52 1081
1577 1997
1356 2000
790 1957
1522 2000
1 1355
1283 2000
583 747
206 996
505 1912
1 822...