100
1 99
59 101
11 65
16 78
28 96
5 61
1 93
1 12
22 46
38 89
1 63
1 80
75 95
17 34
11 24
1 80
57 101
15 44
19 28
1 24
21 68
52 101
61 79
93 101
27 40
57 85
79 101
1 75
1 95
61 64
70 80
1 34
51 75
14 42
64 92
36 99
5 86
62 101
1 11
1 21
38 101
94 101
74 101
33 101
30 82
47 101
67 101
25 61
32 59
73 101
66 98
30 101
1 21
66 101
60 101
11 17
1 86
1 48
23 56
65 95
1 61
12 101
1 54
1 71
1 38
57 101
1 101
1 57
1 87
23 27
30 31
82 101
12 48...