65
65
65
65
66
95
95
99
98
98
97
98
98
98
98
98
98
98
98
98
98
97
97
97
98
98
98
97
96
96
98
98
97
96
95
95
95
95
97
97
95
96
97
97
96
95
98
97
97
95
97
97
94
97
98
96
97
98
98
98
98
96
96
96
96
97
97
95
95
95
96
96
95
94
96
96
94
97
97
96
96
97
98
97
97
98
98
97
96
97
96
97
96
97
97
97
96
98
98
98
96
97
98
97
99
98
97
96
97
97
97
97
98
97
96
99
98
97
95
95
95
95
96
98
98
99
97
98...