90
90
90
92
91
93
96
94
93
94
96
95
96
97
98
96
97
97
97
99
97
97
97
96
97
96
97
97
96
95
97
97
98
96
98
96
97
97
97
97
95
95
95
96
97
96
96
97
96
95
96
95
95
94
94
96
98
98
99
98
97
97
96
96
96
97
94
95
95
93
95
92
94
92
94
95
96
94
96
95
95
94
94
93
93
94
97
97
96
95
96
94
94
95
94
93
93
94
93
97
95
97
95
96
97
95
96
95
95
97
97
97
97
95
95
95
95
95
95
98
97
97
96
94
95
93
93
98...