65
88
88
88
87
90
89
90
90
88
89
86
87
92
93
94
96
95
95
93
93
93
92
92
96
96
97
97
98
98
97
97
99
98
99
99
96
96
96
96
95
95
95
95
94
97
96
95
94
98
96
98
97
97
97
98
97
97
97
97
96
97
95
96
94
96
96
95
97
97
96
95
96
94
95
93
94
98
97
97
96
95
98
95
96
94
92
94
93
96
93
93
96
96
96
95
95
94
94
95
94
94
94
94
94
96
95
97
97
97
95
96
97
96
96
96
96
97
97
94
96
95
95
95
95
93
93
93...