150041
175459
175460
182705
192879
196556
196556
196555
196556
196555
196555
196557
196557
196557
196555
196556
196554
196555
196554
196554
196554
198200
198199
198200
198200
198201
198202
198201
198202
198200
198200
198199
198199
198200
198200
198201
198552
198551
198551
198552
198551
198551
198551
199345
199346
199346
199346
199347
199347
199347
199347
199347
199347
199346
199346
199345
199346
199346
199345
199345
199346
199347
199347
199346...