112506
112541
165910
165845
172892
192347
196437
196462
196416
196806
196766
197637
197674
197664
197655
197651
197703
197707
197662
197659
197628
197658
197697
197665
197637
197651
197652
197673
197665
197653
197659
197653
197665
197663
197674
197654
197666
197663
197652
197663
197676
197691
197627
197658
197677
197667
197640
197693
197677
197678
197641
197706
197665
197670
197660
197659
197658
197671
197667
197663
198208
198188
198215
198216...