110107
175073
178744
187435
187465
187501
187485
187445
187494
187446
187463
195735
195694
195707
195687
195712
197022
197048
197030
197050
196996
197015
197015
197012
197010
197038
197023
197026
197025
197021
197037
197041
198241
198263
198240
198227
198251
198241
198224
198231
198214
198247
198255
198246
198222
198267
198248
198226
198231
198218
198223
198251
198243
198233
198243
198245
198224
198228
198647
198637
198633
198641
198638
198616...