133549
133489
133488
200000
200000
200000
200000
200000
200000
200000
200000
200000
200000
200000
200000
200000
200000
200000
200000
200000
200000
200000
200000
200000
200000
200000
200000
200000
200000
200000
200000
200000
200000
200000
200000
200000
200000
200000
200000
200000
200000
200000
200000
200000
200000
200000
200000
200000
200000
200000
200000
200000
200000
200000
200000
200000
200000
200000
200000
200000
200000
200000
200000
200000...