11 3 27 26
#..
...
...
..#
...
#..
...
...
#.#
...
..#
6 3 52
2 1 67
6 3 39
3 1 72
1 2 48
7 2 19
5 1 88
7 3 14
6 3 92
10 2 28
4 1 39
4 2 89
7 2 24
2 3 30
3 3 14
5 2 58
2 1 62
9 2 84
7 3 71
2 2 43
3 2 60
8 3 85
5 1 66
10 3 25
2 1 77
5 1 59
6 3 55
1 3 82
7 1 92
3 1 51
10 2 99
5 2 98
1 2 94
5 2 67
7 3 68
8 2 98
4 2 52
4 1 5
10 3 10
7 1 75
1 3 75
6 3 29
1 3 22
2 1 80
10 3 45
10 1 97
3 3 16
10 3 28
2 1 54
5 1 52
2 1 93
1 2 6
5 3 31
4 1 51