62345 62345 1000
62344 31172
62343 31367
62341 31563
62338 31759
62334 31955
62328 32151
62321 32346
62313 32542
62304 32738
62294 32933
62282 33129
62269 33324
62255 33520
62240 33715
62223 33910
62205 34105
62186 34300
62166 34495
62144 34689
62122 34884
62098 35078
62073 35273
62046 35467
62019 35661
61990 35854
61960 36048
61928 36241
61896 36434
61862 36627
61827 36820
61791 37013
61754 37205
61716 37397
61676 37589
61635 37780
61593 37971
61549 38162
61505 38353...