92345 92345 1000
92344 46172
92343 46462
92340 46752
92335 47042
92329 47332
92321 47622
92311 47912
92299 48202
92285 48491
92270 48781
92252 49071
92233 49360
92212 49649
92190 49939
92165 50228
92139 50517
92110 50805
92080 51094
92049 51382
92015 51670
91979 51958
91942 52246
91903 52534
91862 52821
91820 53108
91775 53394
91729 53681
91681 53967
91631 54253
91579 54538
91526 54823
91470 55108
91413 55393
91355 55677
91294 55960
91232 56244
91167 56527
91101 56809...