1000000 1000000 1000
48432 215172
48432 215172
48432 215172
48432 215172
48432 215172
48432 215172
48432 215172
48432 215172
48432 215172
48432 215172
48432 215172
48432 215172
48432 215172
48432 215172
48432 215172
48432 215172
48432 215172
48432 215172
48432 215172
48432 215172
48432 215172
48432 215172
48432 215172
48432 215172
48432 215172
48432 215172
48432 215172
48432 215172
48432 215172
48432 215172
48432 215172
48432 215172
48432 215172
48432 215172
48432 215172...