870 870 900
0 0
0 30
0 60
0 90
0 120
0 150
0 180
0 210
0 240
0 270
0 300
0 330
0 360
0 390
0 420
0 450
0 480
0 510
0 540
0 570
0 600
0 630
0 660
0 690
0 720
0 750
0 780
0 810
0 840
0 870
30 0
30 30
30 60
30 90
30 120
30 150
30 180
30 210
30 240
30 270
30 300
30 330
30 360
30 390
30 420
30 450
30 480
30 510
30 540
30 570
30 600
30 630
30 660
30 690
30 720
30 750
30 780
30 810
30 840
30 870
60 0
60 30
60 60
60 90
60 120
60 150
60 180
60 210...