900 900 100
0 0
0 100
0 200
0 300
0 400
0 500
0 600
0 700
0 800
0 900
100 0
100 100
100 200
100 300
100 400
100 500
100 600
100 700
100 800
100 900
200 0
200 100
200 200
200 300
200 400
200 500
200 600
200 700
200 800
200 900
300 0
300 100
300 200
300 300
300 400
300 500
300 600
300 700
300 800
300 900
400 0
400 100
400 200
400 300
400 400
400 500
400 600
400 700
400 800
400 900
500 0
500 100
500 200
500 300
500 400
500 500
500 600
500 700
500 800...