1000000 1000000 100
806946 188465
898922 242594
892036 892038
530431 876884
584572 354759
370861 142608
44569 127775
670126 841397
463965 683386
329517 257666
769328 929960
626597 135326
925972 809003
950368 139780
500804 730234
824732 756297
426636 21443
227346 169891
230397 520159
254471 214581
918731 34305
567954 189087
919677 353263
929408 346447
271973 962749
706203 529784
183228 875067
533936 644586
679577 791726
695427 33942
258351 481383
807814 908123
135665 404386...