12375 12375 1000
6187 12374
12374 6187
1 6031
1 6342
6031 1
6031 12372
6342 1
6342 12372
12372 6031
12372 6342
656 3412
656 8961
3412 656
3412 11717
8961 656
8961 11717
11717 3412
11717 8961
508 3729
508 8644
3729 508
3729 11865
8644 508
8644 11865
11865 3729
11865 8644
5 5914
5 6459
5914 5
5914 12368
6459 5
6459 12368
12368 5914
12368 6459
1158 2581
1158 9792
2581 1158
2581 11215
9792 1158
9792 11215
11215 2581
11215 9792
116 4989
116 7384
4989 116
4989 12257...