100 100 100
1 8
1 85
2 49
2 72
2 86
4 6
4 36
4 73
6 6
6 17
6 44
7 11
7 61
8 62
10 70
10 75
11 5
14 5
14 47
14 55
14 56
14 89
17 63
19 31
20 31
20 40
20 47
22 34
23 58
24 8
24 49
26 9
26 46
27 54
27 64
29 97
32 100
33 27
35 52
36 3
36 57
37 40
38 29
41 11
42 64
46 39
46 90
47 54
47 97
48 59
48 69
49 6
51 3
51 69
52 19
52 42
52 50
52 55
55 3
57 31
57 57
58 40
59 67
63 60
64 54
65 82
66 52
67 8
67 98
69 77
69 87
71 30
72 23
74 38
75 6...