100 100 386
1 9
1 16
1 53
1 71
1 80
2 3
2 36
2 52
3 27
3 41
3 52
3 54
3 86
4 10
4 15
4 63
4 66
4 70
4 71
4 91
5 23
5 33
6 28
6 39
6 50
6 66
6 71
7 4
7 38
7 50
8 8
8 25
8 49
8 52
8 53
8 58
8 95
9 48
9 61
9 72
9 78
10 80
10 81
10 87
11 26
11 38
11 83
12 13
12 26
12 45
13 23
13 82
13 90
14 33
14 41
15 33
15 63
15 72
16 49
16 74
16 78
16 84
16 87
17 9
17 30
17 33
17 42
17 53
17 66
17 94
18 35
19 2
19 48
19 69
19 99
20 11
20 23
20 45...