50 50 140
1 2
1 10
2 1
2 2
2 3
2 4
3 2
3 7
3 10
4 2
4 4
4 5
4 6
4 7
5 3
6 8
6 9
7 3
7 7
7 8
7 9
7 10
8 3
8 5
9 2
9 3
9 5
9 10
11 12
11 20
12 11
12 12
12 13
12 14
13 12
13 17
13 20
14 12
14 14
14 15
14 16
14 17
15 13
16 18
16 19
17 13
17 17
17 18
17 19
17 20
18 13
18 15
19 12
19 13
19 15
19 20
21 22
21 30
22 21
22 22
22 23
22 24
23 22
23 27
23 30
24 22
24 24
24 25
24 26
24 27
25 23
26 28
26 29
27 23
27 27
27 28
27 29
27 30
28 23...