2000
3
2
6
7
5
14
9
17
13
19
21
18
27
10
25
16
26
22
28
30
43
37
39
8
44
29
45
47
40
4
50
20
12
35
68
64
69
53
36
65
56
52
58
11
59
70
90
95
72
79
49
94
85
55
105
103
98
84
82
38
112
57
113
120
110
119
122
125
140
101
88
108
129
115
83
139
81
71
63
147
51
121
158
123
74
157
15
60
128
93
177
104
73
24
181
144
135
62
163
155
42
171
149
178
183
173
162
80
106
96
118
78
211
192
141
142
164
188...