500000
4
6
8
3
7
5
12
13
20
18
19
17
16
21
23
31
35
29
33
34
25
45
15
43
49
36
47
32
54
56
51
39
65
64
46
73
76
67
80
58
79
74
77
55
88
57
92
70
91
75
97
87
107
71
85
103
83
89
90
40
122
95
127
63
28
112
52
96
129
110
37
102
42
26
81
93
143
113
130
137
156
104
142
159
120
163
100
176
177
175
139
140
125
109
179
155
170
133
186
185
116
147
205
78
53
181
157
151
123
145
190
214
167
161
164
222...