500000
3
2
5
8
6
10
12
4
16
20
9
18
7
28
13
26
17
11
30
36
22
34
32
15
40
24
46
52
38
44
31
60
56
48
66
72
27
19
58
62
21
54
45
82
74
47
14
41
92
96
68
98
25
106
53
104
33
70
63
65
50
122
102
114
23
80
51
126
108
132
81
88
140
130
35
55
39
124
76
150
138
90
152
118
37
100
142
134
178
91
86
110
79
123
166
89
186
154
64
180
162
71
156
184
204
210
176
84
212
43
128
136
160
224
192
220
228
164...