4375616
2185473
1808544
3896268
2076867
2389104
486077
1888404
1783967
949239
535442
1339405
3535088
100484
1905477
1285738
2884610
883234
2586867
40902
2938625
2062103
927161
739474
883018
961207
1949398
1834092
372647
2801200
1044774
860586
3852313
4428225
1889677
1666759
586838
2473444
1211464
2764542
1864600
163655
1991971
3322982
2853030
449556
132704
734496
1526239
1936310
1777930
1975635
5649883
1292940
1104332
2969970
241886
3838632
3262486...