1200131
1981645
2178025
587522
1231397
334091
858385
1965074
1768529
3993678
1184018
1910881
1393334
547553
2084413
2055231
1068747
1398709
2502313
994154
2162981
1941312
942160
1734705
1828485
3150636
1176550
2100056
2014465
695769
875429
1498859
3463108
83367
1815500
354706
637989
1370309
2919942
448000
203780
1997205
1053873
798403
5162323
2487343
789830
1391367
741052
3317290
1093445
2910284
1705311
1142445
3985575
2224970
3493099
98242
1341334...