130
42
8
0
20
76
10
126
136
156
122
112
98
26
114
152
48
48
12
58
90
144
56
28
118
8
96
76
10
46
32
80
74
24
44
64
86
80
6
52
116
18
136
120
18
46
12
30
36
20
90
124
122
24
78
94
74
10
6
100
110
78
26
126
4
134
0
70
98
68
82
26
36
0
2
118
116
26
126
10
74
74
28
74
0
56
34
60
0
6
20
10
26
38
4
18
88
114
82
34
122
16
96
66
4
102
2
46
74
44
116
82
80
60
34
56
16
24
44
6
92
132
46
28
110...