1138
46
2096
548
690
308
660
252
1018
1690
254
2078
1174
1822
2032
760
2034
968
2258
188
950
142
1460
282
1626
2000
794
1744
502
1614
1798
638
638
1016
88
2380
300
944
966
760
834
394
794
460
640
2442
572
614
242
888
254
2372
742
1540
1050
6
2982
1008
2020
98
2454
686
1760
2872
1862
154
1316
740
1852
196
1198
708
1428
1474
1164
2364
1508
1134
272
538
1006
194
1392
2106
300
314
736
10
98
1664
2088
934
1940
218
176...