146402
125388
9374
26918
90566
33618
23708
21354
142800
32154
141578
187674
13984
117634
172424
118192
85140
69792
110274
25004
16108
59466
15892
109364
163368
156744
71160
36308
49650
47688
84114
67380
53184
65600
56656
36316
83782
11564
13274
34166
2898
98782
86032
2142
49810
73974
28122
65540
17600
86826
44786
12522
104048
38362
44082
65550
18456
136560
120472
101776
36160
125986
13420
90520
59518
19744
86374
62140
27560
159654
21932...