35108
10520
20726
50150
98106
152058
109636
76832
4472
5584
53070
82792
105844
58472
24796
22158
148822
31484
21436
96776
86184
19624
33896
81440
7334
152406
35346
168098
79244
46706
36640
44410
77932
12664
45234
610
9988
168308
80866
5860
53758
141536
57888
80270
47528
8658
95722
197966
55828
9124
41502
76206
19774
152958
66934
31592
50774
89342
20058
5312
37234
45710
44740
157878
102788
46550
15926
27770
9478
104938
17730
42412
5344...