17842
9822
84084
21230
286552
113050
41118
127328
370724
35072
194364
274192
262368
133606
177724
78514
22910
39816
320822
87740
183988
41670
91174
92992
86254
229714
207134
41134
8520
203412
156316
77212
19802
218864
119622
65550
113660
155260
156834
311900
80382
90306
412424
43566
135456
221274
5086
61078
275876
132318
25510
13214
17128
113794
62066
3868
42522
269348
114902
209472
23610
37612
1118
194702
57742
156084
102492
74868
118650...