(()((((()(())((((((((()((((((()((((
71
15 29
17 18
5 26
7 10
16 31
26 35
2 30
16 24
2 24
7 12
15 18
12 13
25 30
1 30
12 13
16 20
6 35
20 28
18 23
9 31
12 35
14 17
8 16
3 10
12 33
7 19
2 33
7 17
21 27
10 30
29 32
9 28
18 32
28 31
31 33
4 26
15 27
10 17
8 14
11 28
8 23
17 33
4 14
3 6
6 34
19 23
4 21
16 27
14 27
6 19
31 32
29 32
9 17
1 21
2 31
18 29
16 26
15 18
4 5
13 20
9 28
18 30
1 32
2 9
16 24
1 20
4 15
16 23
19 34
5 22
5 23