100
3 4
3 4
3 4
5 3
5 3
4 10
7 9
8 5
1 3
1 3
4 2
6 8
4 10
2 7
9 1
10 6
1 3
2 7
5 3
4 2
3 4
10 6
6 8
6 8
6 8
3 4
3 4
9 1
3 4
5 3
9 5
8 5
7 9
2 7
7 9
2 7
4 2
3 4
1 3
3 2
6 8
6 8
3 4
3 4
4 2
7 9
5 3
4 2
4 2
7 9
9 1
2 10
4 2
4 10
8 5
3 4
10 6
2 10
2 7
10 6
8 3
2 7
10 6
7 9
8 3
5 3
7 9
4 2
2 7
4 2
9 1
1 3
4 10
8 5
9 1
1 3
3 4
3 4
1 3
2 7
4 10
7 6
9 1
7 9
6 8
4 10
8 3
10 7
9 1
6 1
10 6
4 10
1 3
3 4
10 6
8 5
3 4
6 8...