58
4 3
4 2
4 3
1 4
5 4
4 1
4 4
3 4
6 4
6 4
4 6
4 4
4 4
4 4
2 4
4 4
6 4
4 4
5 4
4 6
4 3
4 4
4 4
4 4
4 4
4 2
4 2
2 4
4 2
1 4
2 4
3 4
4 4
4 4
4 4
4 4
4 5
4 2
6 4
4 6
4 4
4 4
4 3
4 3
4 5
4 4
1 4
4 6
4 6
4 4
2 4
4 4
4 5
4 1
2 4
4 6
4 4
4 4
4 4
4 4
3 4
4 4
4 4
4 4
3 4
5 4
4 4
4 5
4 4
4 5
4 4
6 4
4 4
3 4
2 4
5 4
4 3
4 2
6 4
4 4
4 4
4 4
2 4
4 4
4 4
4 4
3 4
4 4
2 4
4 4
4 4
4 1
5 4
4 3
4 4
3 4
4 2
4 4
4 4
4 2