220
6 19
13 19
19 19
20 19
9 19
19 19
15 19
19 19
11 19
19 1
7 19
19 19
8 19
17 19
19 13
19 19
8 19
19 5
19 10
19 6
19 19
11 19
19 16
19 16
19 16
19 7
17 19
19 11
19 19
19 1
16 19
11 19
7 19
19 19
19 8
19 15
19 2
19 7
19 19
19 1
19 3
19 16
19 19
19 19
12 19
19 19
16 19
19 2
19 19
19 19
7 19
19 17
19 2
10 19
7 19
19 6
19 19
7 19
9 19
19 9
19 18
5 19
19 9
19 14
14 19
19 4
2 19
6 19
19 19
13 19
19 13
19 19
19 19
19 19
3 19
1 19
2 19...