8
22 22
22 22
22 22
22 22
22 22
22 22
22 22
22 22
22 22
22 22
22 22
22 22
22 22
22 22
22 22
22 22
22 22
22 22
22 22
22 22
22 22
22 22
22 22
22 22
22 22
22 22
22 22
22 22
22 22
22 22
22 22
22 22
22 22
22 22
22 22
22 22
22 22
22 8
22 22
22 22
22 22
22 22
22 22
22 22
7 22
22 22
22 22
22 22
22 22
22 22
22 22
22 22
22 22
22 22
22 22
22 22
22 22
22 22
22 22
22 22
22 22
19 22
22 22
22 22
22 22
22 22
22 22
22 22
22 22
22 22
22 22
22 22
22 22...