100
5 4
5 4
5 4
10 5
6 5
4 1
3 2
2 5
8 5
9 5
5 4
3 2
4 1
1 3
2 9
1 2
9 5
1 3
7 5
5 4
5 4
1 3
3 2
3 8
3 8
5 4
5 4
2 6
5 4
10 5
2 6
2 5
1 2
4 1
3 2
1 3
4 1
5 4
8 5
5 4
3 2
3 8
5 4
5 4
4 1
3 2
6 5
4 1
4 1
3 2
2 7
4 1
4 1
4 1
2 6
5 4
1 3
4 1
4 3
1 3
2 5
1 3
1 3
3 2
8 5
6 5
3 2
4 1
4 3
4 1
2 9
9 5
4 1
2 10
2 7
7 5
5 4
5 4
8 5
1 3
4 1
1 2
2 9
1 2
3 8
4 1
8 5
1 3
2 7
3 8
1 3
4 1
7 5
5 4
1 3
2 10
5 4
3 2
1 3
5 4