5000
7 2
3 7
4 10
4 10
6 1
8 4
4 10
5 8
1 3
10 6
5 8
6 1
4 10
9 5
9 5
8 4
1 3
5 8
10 6
6 3
9 5
4 10
5 8
6 1
9 5
3 7
5 8
8 4
7 2
2 9
3 7
5 8
9 5
3 7
2 9
4 10
10 6
5 8
1 3
1 3
5 8
8 4
8 4
10 6
9 5
8 4
6 1
5 8
6 1
4 10
3 7
3 7
2 9
8 4
10 1
7 2
5 8
6 1
7 2
10 6
9 5
4 10
10 6
1 3
6 1
6 1
9 5
1 3
1 3
3 7
10 6
6 1
6 3
2 9
10 6
10 6
2 9
2 9
9 5
2 9
8 4
5 8
2 9
4 6
8 4
6 1
4 10
4 10
9 5
2 9
9 5
7 2
10 6
6 1
3 2
1 3
3 7...