5000
1 7
4 1
2 8
2 8
3 5
10 2
2 8
9 10
5 4
8 3
9 10
3 5
2 8
6 9
7 9
10 2
5 4
6 10
8 3
3 4
6 9
2 8
9 10
3 5
6 9
4 1
9 10
10 2
1 7
7 6
4 1
9 10
6 9
4 1
7 6
2 8
8 3
9 10
5 4
5 4
9 10
10 2
10 2
8 3
6 9
10 2
3 5
9 10
3 5
2 8
4 1
4 1
7 6
10 2
8 5
1 7
9 10
3 5
1 7
8 3
6 9
10 8
8 3
5 4
3 5
3 5
6 9
5 4
5 4
4 1
8 3
3 5
3 4
7 6
8 3
8 3
7 6
7 6
6 9
7 6
10 2
9 10
7 6
2 3
10 2
3 5
2 8
2 8
6 9
7 6
6 9
1 7
8 3
3 5
4 1
5 4
4 1...