3292
16 2
15 12
13 6
13 6
13 6
5 4
9 7
9 3
12 16
5 4
3 7
14 1
13 6
14 8
14 1
5 4
1 8
8 9
11 10
7 4
1 8
13 6
3 7
8 9
14 8
6 15
3 7
4 13
2 11
11 10
15 12
9 7
14 1
6 15
11 10
7 4
8 9
3 7
3 7
4 13
3 7
5 4
5 4
13 6
14 8
4 13
12 16
8 3
1 8
13 6
6 15
15 12
10 14
4 13
6 15
12 16
9 3
10 14
2 11
8 9
1 8
4 6
8 9
11 10
9 3
9 7
14 1
7 4
2 11
15 12
2 11
8 9
3 7
10 14
7 5
13 6
11 10
2 11
1 8
11 10
7 5
9 3
11 10
8 9
5 13
3 7
13 6
13 6...