4079
1 12
11 1
6 7
2 6
2 6
14 2
6 7
9 10
1 12
8 4
10 14
13 5
2 6
13 5
13 5
14 2
13 5
5 10
7 8
6 7
5 9
2 6
10 14
9 10
13 5
4 11
10 14
2 6
12 3
3 13
11 1
9 10
13 5
4 11
3 13
6 7
8 4
10 14
8 4
2 6
10 14
14 2
14 2
8 4
13 5
2 6
11 1
9 10
5 9
2 6
4 11
11 1
3 13
14 6
8 4
11 1
9 10
3 13
12 3
7 8
5 9
2 6
7 4
6 7
9 10
9 10
13 5
7 8
12 3
11 1
7 8
5 9
10 14
3 13
8 4
7 4
3 13
12 3
5 9
3 13
14 2
9 10
3 13
6 8
14 2
10 14
6 7
2 7
5 9...