4505
8 2
9 8
10 5
1 10
4 9
6 10
10 5
3 6
8 2
5 4
6 1
4 9
1 5
7 3
7 3
1 10
4 9
3 6
5 4
4 9
3 6
1 10
6 1
4 9
7 3
9 8
6 1
1 10
2 7
2 7
9 8
3 1
7 3
9 8
2 7
10 5
5 4
6 1
5 9
4 9
6 1
6 10
1 10
5 4
7 3
1 10
4 9
3 6
4 9
1 5
9 8
9 8
7 3
1 10
5 9
8 2
3 6
4 9
8 2
10 4
7 3
1 10
5 4
10 5
4 9
4 9
7 3
10 5
2 7
9 8
10 5
4 9
6 1
7 3
5 4
5 4
2 7
2 7
3 6
2 7
6 1
3 6
2 7
10 5
1 10
4 9
10 5
10 5
7 3
2 7
7 3
8 2
5 4
4 9
8 2
9 8
9 8...