11 45 0
354178003769663899033163210356862820455816247
415746541336297429186227901179657232951493677
477431711477133364244334651023667926272296448
193363339752895471547443313682368390422687728
833617055717003670048669014587976579001965428
570324426531203100837800250119514492243732484
641471503829514836532385104989056644922040234
216481304180941129495602661288161444800055556
879574806261594995185289521861192861882360855
268853722083716691377334556782765587993957777
47183821827516465722974189686221...