50 50 6
98891473992303417309300226745365176590525491347505
47258485051721111205420325321857486903671876118154
99815677762424425628625046415738202593076476611514
17712252890234144413685959051537068249445044126197
72530960470571705298462388910787149295751215189656
31276895462041340124226681581757202512208318653795
06340232752926038745109411818444636624458118086861
72441991313150551747303691688583628967008885085497
83893291574853714077668565194862137380957858950836
8953831297451104942281344750499025...