33 50 9
63263761658604183552171523723104408109536541726842
91262920495429276332016392092597182762847620149766
62772263795001859089553832272278919641180306634130
50785794241700818425936401435319816577271414299028
94065871297371873126412035499483988912091463969123
93518789626115407429848355922054862139461785951962
31426348318401445348747448211673369172308929410221
43130200464387704289049575436325291943514837159928
84991970942433981793955611424132135220707558538639
6567759686146867688222774901462190...