739 835
739 895
481 739
641 739
739 757
3 739
107 739
12 739
654 739
431 739
391 739
739 918
739 961
8 739
137 739
523 739
504 739
601 739
16 739
315 739
135 739
712 739
739 769
591 739
411 739
595 739
361 739
63 739
557 739
102 739
2 739
123 739
739 906
442 739
363 739
540 739
739 776
122 739
494 739
312 739
739 840
643 739
322 739
170 739
150 739
739 874
739 937
739 985
478 739
93 739
387 739
374 739
628 739
739 820
739 931
739 966
671 739
110 739...