976
5 298 804 449 381 843
5 114 695 99 271 341
15 502 710 213 629 749 720 28 424 774 705 434 796 244 824 135
15 275 713 511 387 883 233 211 904 555 888 189 32 938 635 141
15 275 387 211 233 635 938 888 511 141 189 713 32 555 904 883
15 407 75 247 582 207 791 611 74 664 317 703 361 182 321 912
5 99 695 220 341 114
15 968 216 525 763 709 657 172 250 634 865 164 559 875 644 159
15 654 878 876 483 854 303 918 514 672 357 246 224 210 820 862
15 349 500 212 618 830 222 479 230 601 683 80 609 402 680 85...