500
4 266 9 451 152
22 8 487 112 106 291 126 352 437 395 361 151 482 54 370 242 225 99 7 324 159 234 367
7 93 329 284 350 306 194 417
5 439 344 164 296 496
3 21 119 80
5 271 174 268 389 263
8 344 130 115 248 391 302 94 245
12 363 176 1 325 112 278 98 452 335 153 127 264
5 40 490 429 90 53
7 309 394 12 64 71 228 319
6 399 183 398 391 132 390
14 102 315 264 175 172 190 116 278 378 189 371 249 285 376
32 172 125 112 287 264 459 362 335 363 19 278 378 424 134 393 315 227 190 240 1 175 98 127 285 1...