43 99
0000111011010110000010011011100110110000001
1111111111111111111111111111111111111111111
1001011100011101110001111000111001110111011
1100011101010011100101000100101000001000010
1111111111111111111111111111111111111111111
1111111111111111111111111111111111111111111
1111111111111111111111111111111111111111111
1010001100111011011100011011001110110000010
1111111111111111111111111111111111111111111
0110001110011101110011100010000001111011111
0001010101000101101110110111110011001110111
111111111...