45 96
111111111111111111111111111111111111111111111
111111100100100100001000010110101010100001110
001100010010101111011100100001011000001110111
111111111111111111111111111111111111111111111
001010101011011100101010110011110101111001101
111000111011110000000110111110001010001100101
011000101110000000010000101100100111001110010
110011010011011111011001111100111100111010001
011000110100111010000111100011101000000101001
110010100111011000100011010000011011111111111
1110111010110110111000100010111101...