44 93
11001111100101000110111101010000101000100110
01101011110101101101001100111101010111111011
00101100001000011010011001110010000111111001
10001101110100011110110101101010100101101101
10110001110110001011010111100000011101111000
11011010000010000010000011001011110100100000
00010110001000101011101110100010101101001100
00100001101110101001001101000110011100110000
11001010010010100011100001110101111110111100
11101010110010101000001101101011000101110101
10001111110000101001010110101001100000100001...