41 93
10000010101110101000111000111100110000011
11010001100101110101000000010000011001101
11111111111111111111111111111111111111111
11011110111100001000000111000101110100000
10111001011010010101100110010011111001000
00011111010000100100111011011010000010101
11101110100101001100001100010010011101100
00111101110001010100011010001111011110010
01101011000010110100010001000010110111010
00011110000001000110100110101110010101011
10011111000110010101000100011001010001010
0011010011000110111101111001111...