10000 300000
5426 7899 9476
7899 9566 3751
9566 9674 7555
9674 1232 4409
1232 7679 9707
7679 9549 8908
9549 5986 5948
5986 4796 1509
4796 7142 6929
7142 3219 7988
3219 971 4836
971 2297 9545
2297 9967 3315
9967 2807 9196
2807 2531 6931
2531 556 493
556 3148 948
3148 2195 3881
2195 3761 2742
3761 48 7424
48 8724 1307
8724 9000 5475
9000 4137 8221
4137 420 4690
420 7644 8162
7644 7063 2677
7063 7119 30
7119 4097 9593
4097 7724 2536
7724 6196 1359
6196 5529 8464
5529 1227 1168...