9999
9 4 4
-6 -10 -10
7 -3 6
7 -3 -2
-5 -1 -5
-1 -8 -8
-3 -3 -6
8 -2 0
3 -1 2
0 10 -7
-9 -8 -2
-7 3 -5
4 7 3
9 7 8
-7 -3 3
-5 6 3
1 -2 8
-10 1 10
6 -5 -10
0 -6 -7
-2 -8 -5
3 8 -2
10 0 2
4 -7 7
-9 -2 -7
5 3 -1
8 -3 -1
2 0 -9
2 2 -7
-10 -8 8
2 -4 -2
-2 -6 1
8 3 -1
-6 -4 1
-10 9 5
1 -9 -6
2 -4 -4
6 3 -9
7 -4 4
7 1 -8
-1 8 -5
-1 5 -6
5 -8 -7
3 -6 1
4 2 3
4 -6 -5
10 -4 -7
6 -5 3
-10 4 0
-5 -10 -7
0 -7 8
0 -10 5
-3 -6 4
6 7 5
6 9 -10
5 -2 5
5 -9 -7
4 6 0...