10000
-14 -11 -15
-20 -16 -7
10 16 -4
-8 9 -16
-13 -16 -16
3 -10 6
-9 -8 -14
-6 10 -19
4 11 2
-6 6 4
-7 -14 7
1 2 -1
13 -11 -5
-14 14 16
19 -5 17
-19 -16 -7
-16 -13 -1
16 -20 -7
-16 -19 -17
-8 -15 2
10 -10 -9
-18 -19 1
6 13 -12
-12 4 -10
-18 -2 3
16 -19 0
-13 10 -7
-11 -14 -14
-7 -11 -11
13 9 -5
-7 -7 -16
14 -5 -12
-14 3 20
-18 -14 -19
17 -7 -3
14 10 1
6 5 19
-16 -11 -11
17 -9 10
0 19 3
7 -15 -15
14 -5 -8
6 0 -10
-2 14 -4
-14 -19 -2
5 15 -12
6 -3 -17
5 -20 7...