1
3
4
7
9
11
13
15
15
17
18
26
34
38
47
56
56
62
62
68
79
86
87
94
107
120
121
121
130
131
145
145
146
147
161
175
187
188
188
200
200
212
213
214
231
244
262
276
277
291
291
291
311
326
347
368
389
391
412
433
434
435
435
456
477
477
498
500
523
524
525
548
571
595
596
620
620
644
646
647
647
671
672
672
672
699
726
753
780
781
808
835
865
867
869
897
928
957
989
989
991
1023
1054
1054
1085
1087
1118...