2
2
2
3
5
6
6
6
6
7
8
9
11
12
13
13
14
14
14
15
15
16
16
16
16
16
17
18
20
20
20
21
23
25
25
25
26
27
28
28
30
30
31
31
32
32
33
34
35
36
37
37
38
38
39
39
40
41
41
41
41
43
43
44
44
44
46
46
46
46
46
46
46
47
47
49
49
49
49
52
52
53
53
53
53
55
56
56
56
57
57
57
57
57
58
58
58
59
59
60
60
61
61
61
63
64
64
66
68
68
68
69
70
70
70
71
71
72
72
74
75
75
75
76
77
78
78
78
79
79
79...