1
2
4
5
7
9
11
12
14
14
16
19
23
24
25
25
27
28
30
30
34
37
41
45
45
49
51
51
52
56
60
60
64
68
72
77
83
87
91
95
95
99
103
106
112
117
117
121
121
121
125
125
125
125
125
125
125
125
129
134
134
134
137
137
141
149
149
149
153
156
162
162
162
162
162
165
169
169
173
173
179
183
187
191
191
194
200
215
220
220
221
222
228
228
232
232
232
232
232
233
233
233
236
241
241
247
250
256
260
260
260
266...