2
2
2
3
3
3
4
5
5
5
8
8
12
14
17
21
25
30
32
32
36
41
44
49
49
54
54
54
54
54
54
54
54
59
64
64
69
75
79
81
81
86
86
90
96
96
101
101
107
114
114
114
121
121
128
133
133
135
135
140
140
140
140
150
150
150
155
155
155
160
165
173
178
185
193
200
206
216
219
226
232
238
246
246
252
253
258
264
273
278
287
293
293
301
302
302
302
308
308
316
321
329
334
334
338
344
349
354
354
369
369
377
385
385...