2
3
4
7
9
11
13
19
22
25
31
35
39
43
47
51
55
59
63
77
82
87
92
97
102
120
126
132
152
159
166
186
206
224
242
253
264
275
286
297
319
331
343
355
367
379
391
403
415
427
439
451
463
475
487
499
511
548
561
574
587
627
641
655
669
683
697
711
756
771
786
833
849
865
913
961
979
1027
1046
1065
1084
1103
1122
1141
1160
1179
1198
1217
1236
1255
1274
1293
1312
1331
1395
1415
1435
1455
1475
1495
1515
1584
1605...