1
3
3
6
7
9
10
15
20
21
23
23
24
29
31
31
31
39
49
50
53
58
61
68
75
76
76
83
91
99
99
102
112
115
125
126
137
141
142
143
143
152
170
175
188
210
220
220
222
245
245
260
267
283
299
324
324
324
349
367
381
400
419
440
444
444
464
492
492
497
517
531
561
586
586
617
648
675
692
715
747
764
781
790
791
800
801
824
824
824
864
885
895
895
896
920
942
942
967
1004
1048
1073
1110
1154
1182
1196
1196
1242...