1
1
2
2
3
4
4
5
5
5
5
6
6
7
8
9
10
11
11
11
11
11
14
15
15
15
16
17
20
22
23
23
24
24
25
26
28
29
31
32
32
32
33
33
35
36
37
37
38
39
41
43
43
43
44
45
46
47
48
49
49
49
49
49
49
49
52
54
55
56
57
58
59
59
59
59
61
62
62
63
65
65
65
66
66
68
69
70
70
71
72
73
74
75
76
76
76
76
76
77
78
78
79
79
81
82
82
82
82
82
83
84
84
85
85
86
87
88
88
89
89
89
89
92
93
94
95
95
97
97
98
98...