2
3
5
7
10
12
14
14
20
23
24
25
26
29
40
43
44
51
58
69
76
87
98
109
110
123
134
136
143
143
154
169
171
173
173
185
193
205
222
241
263
267
271
284
297
317
340
361
367
373
374
374
375
376
399
409
437
464
488
488
512
536
547
572
602
632
632
662
677
692
722
737
762
773
777
807
839
869
894
915
926
941
950
986
987
1008
1017
1053
1089
1126
1136
1136
1183
1214
1233
1272
1292
1332
1376
1409
1409
1434
1476
1498...