2
3
4
7
9
10
10
15
20
25
27
28
35
42
49
52
60
63
65
66
77
88
90
91
91
91
105
105
105
120
120
136
136
153
171
190
209
228
247
266
285
290
310
330
336
357
378
399
407
414
437
460
483
492
516
525
533
540
567
594
621
630
638
645
651
682
688
693
726
759
765
799
805
810
846
851
855
858
897
936
975
1014
1020
1060
1100
1140
1148
1189
1230
1239
1247
1254
1298
1305
1311
1357
1403
1449
1495
1504
1512
1560
1608
1617...