1
3
4
5
6
7
8
9
10
11
12
13
14
15
16
17
18
19
20
21
22
23
24
25
26
27
28
29
30
31
32
33
34
35
36
37
38
39
40
41
42
43
44
45
46
47
48
49
50
51
52
53
54
55
56
57
58
59
60
61
62
63
64
65
66
67
68
69
70
71
72
73
74
97
99
101
103
105
106
108
110
111
111
112
114
115
117
117
120
122
122
123
123
125
125
125
127
128
130
130
133
135
136
138
141
143
144
146
148
149
151
153
155
155
157
160
163
164
166...