2
3
3
5
7
8
9
10
13
14
18
19
20
21
21
21
28
28
35
42
43
44
52
53
61
63
72
73
82
85
95
96
106
110
121
132
133
138
150
162
163
175
182
183
196
203
217
218
232
246
260
270
271
280
296
312
328
329
340
357
358
375
392
409
423
424
437
438
450
470
471
483
484
495
517
539
561
562
584
606
628
650
667
668
691
708
709
725
750
775
776
793
794
820
837
864
865
882
883
911
939
957
986
1015
1044
1073
1074
1103
1125...