1
1
3
5
6
7
8
9
10
11
12
13
14
15
16
17
18
19
20
21
22
23
24
25
26
27
28
29
30
31
32
33
34
35
36
37
37
38
39
40
41
43
44
45
46
47
48
49
50
51
52
53
54
55
59
61
63
63
64
67
69
70
70
72
74
74
74
74
77
78
80
82
84
86
86
89
89
89
92
93
93
95
95
97
97
100
103
104
106
109
109
110
110
113
114
115
117
117
119
122
125
128
129
130
135
135
135
138
141
142
142
142
142
142
142
143
146
147
150
150
150...