0 1 11 2 12 3 13 4 14 5 15 6 16 7 17 8 18 9 19 10
1 0 2 12 3 13 4 14 5 15 6 16 7 17 8 18 9 19 10 11
11 2 0 3 13 4 14 5 15 6 16 7 17 8 18 9 19 10 1 12
2 12 3 0 4 14 5 15 6 16 7 17 8 18 9 19 10 1 11 13
12 3 13 4 0 5 15 6 16 7 17 8 18 9 19 10 1 11 2 14
3 13 4 14 5 0 6 16 7 17 8 18 9 19 10 1 11 2 12 15
13 4 14 5 15 6 0 7 17 8 18 9 19 10 1 11 2 12 3 16
4 14 5 15 6 16 7 0 8 18 9 19 10 1 11 2 12 3 13 17
14 5 15 6 16 7 17 8 0 9 19 10 1 11 2 12 3 13 4 18
5 15 6 16 7 17 8 18 9 0 10 1 11 2 12 3 13 4 14 19
1...