0 1 9 2 10 3 11 4 12 5 13 6 14 7 15 8
1 0 2 10 3 11 4 12 5 13 6 14 7 15 8 9
9 2 0 3 11 4 12 5 13 6 14 7 15 8 1 10
2 10 3 0 4 12 5 13 6 14 7 15 8 1 9 11
10 3 11 4 0 5 13 6 14 7 15 8 1 9 2 12
3 11 4 12 5 0 6 14 7 15 8 1 9 2 10 13
11 4 12 5 13 6 0 7 15 8 1 9 2 10 3 14
4 12 5 13 6 14 7 0 8 1 9 2 10 3 11 15
12 5 13 6 14 7 15 8 0 9 2 10 3 11 4 1
5 13 6 14 7 15 8 1 9 0 10 3 11 4 12 2
13 6 14 7 15 8 1 9 2 10 0 11 4 12 5 3
6 14 7 15 8 1 9 2 10 3 11 0 12 5 13 4
14 7 15 8 1 9 2 10 3 11 4 12 0 13 6 5
7 15...