0 1 10 2 11 3 12 4 13 5 14 6 15 7 16 8 17 9
1 0 2 11 3 12 4 13 5 14 6 15 7 16 8 17 9 10
10 2 0 3 12 4 13 5 14 6 15 7 16 8 17 9 1 11
2 11 3 0 4 13 5 14 6 15 7 16 8 17 9 1 10 12
11 3 12 4 0 5 14 6 15 7 16 8 17 9 1 10 2 13
3 12 4 13 5 0 6 15 7 16 8 17 9 1 10 2 11 14
12 4 13 5 14 6 0 7 16 8 17 9 1 10 2 11 3 15
4 13 5 14 6 15 7 0 8 17 9 1 10 2 11 3 12 16
13 5 14 6 15 7 16 8 0 9 1 10 2 11 3 12 4 17
5 14 6 15 7 16 8 17 9 0 10 2 11 3 12 4 13 1
14 6 15 7 16 8 17 9 1 10 0 11 3 12 4 13 5 2
6 15 7 16 8 17 9...