34570
41229
44073
84960
73765
43825
49374
79170
52527
95347
81396
37969
67639
16288
71336
-1
49868
8229
20065
24780
26576
96328
62078
67541
-1
24272
14429
3787
-1
43654
86393
86617
66440
46093
78290
30955
38007
50147
45364
42839
8273
94365
85806
17998
56646
26919
59143
20690
72874
63144
73945
92653
81931
32333
18908
6280
68324
70180
85706
94747
95795
49004
16144
24605
13264
37851
66349
11051
97488
22637
76378
78585
39588
57040
90809...