485
1
4128
2098
1432
125
2625
5015
2759
-1
3686
1443
-1
5354
570
2729
2606
-1
4208
1376
1601
5427
3457
5439
2607
2464
2534
2667
5444
4391
-1
2987
2779
2463
-1
-1
20
-1
2826
3558
1554
2955
2007
2180
1232
3634
-1
5384
-1
2555
486
799
4094
4491
490
2140
592
1053
1800
2917
951
505
583
2422
4615
4619
2194
-1
2555
479
2295
-1
2381
976
5467
2833
424
505
5296
2604
4640
1045
2903
5399
931
-1
4514
583
1865
3817
4738
298
3089...