14471
36321
26079
8415
11068
39524
36269
41633
45253
40251
40732
27734
48012
26673
22636
-1
26221
44657
23103
7907
34907
25103
3599
40140
40222
44329
23499
46791
-1
-1
40927
7116
34708
40872
13366
-1
3044
22224
7630
3215
41198
20472
12618
28298
13222
36642
42796
10399
31606
45202
44331
13078
27568
22459
-1
31170
24231
-1
35961
23493
22024
19383
23853
48159
10641
24011
25122
30814
15090
14146
12900
-1
19285
-1
20030
22119
26863
-1...