44396
25375
28509
47394
69563
67493
27568
61206
48333
8989
12415
49130
22245
28596
56482
53517
-1
6252
25909
-1
76295
74975
261
5840
27596
66864
71558
-1
23894
24557
29095
-1
80594
16914
18971
64318
59621
59732
57843
-1
56184
37940
60863
53942
16396
40383
40929
36760
26644
55693
18784
51546
42068
62175
-1
48269
33777
74361
73385
71728
20571
64389
55687
35857
69265
8329
23918
31894
40535
-1
31374
10061
47486
13285
36832
65712
80034...