3889
3669
5701
2726
5145
-1
2449
734
3388
2333
3985
8574
2045
1077
6384
6384
2939
-1
4288
4332
8061
9544
5876
9648
8395
230
9297
3465
7991
127
5262
4300
10282
3313
7254
8194
389
-1
3656
9123
8685
8624
5776
9872
930
6012
2272
-1
886
-1
5245
7502
5262
259
3959
-1
4430
1969
9547
7800
8253
2161
237
6011
3953
-1
7918
6086
6559
6743
2720
-1
10351
6861
1188
7910
-1
1781
3152
8764
6963
6257
10012
4402
1643
10028
4496
1834
1600...