51951
66214
25858
-1
-1
73412
16899
80988
79411
86041
80797
5641
7537
67347
37325
8778
91950
61741
27762
11457
74096
-1
-1
-1
86127
93405
46312
75086
22267
78055
-1
74351
48027
22788
66135
88143
51519
70121
32171
9189
-1
15251
40516
38319
96310
-1
10648
89035
10836
40862
73710
-1
73709
32795
15989
4235
44284
78344
4007
34952
51568
5917
54875
38775
-1
49601
17317
55419
3405
89736
34833
49441
62531
31302
-1
29737
17716
23525
16883...