1000 200000 200000
198 783
198 508
508 568
568 780
780 474
898 474
898 210
799 210
799 535
535 116
656 116
656 49
128 49
128 403
614 403
399 614
399 432
866 432
132 866
132 418
418 218
967 218
967 126
126 784
784 611
633 611
633 170
170 844
921 844
551 921
551 673
673 738
69 738
970 69
970 548
496 548
496 872
872 781
781 5
5 53
806 53
806 722
722 899
899 453
459 453
459 104
481 104
481 463
144 463
532 144
847 532
958 847
586 958
66 586
66 302
350 302...