5000 5005
1 2
1 3
3 4
3 5
2 6
3 7
5 8
7 9
9 10
6 11
11 12
1 13
2 14
14 15
5 16
7 17
12 18
15 19
17 20
15 21
15 22
4 23
12 24
11 25
19 26
15 27
4 28
22 29
9 30
21 31
13 32
29 33
5 34
1 35
11 36
27 37
7 38
19 39
10 40
29 41
23 42
13 43
14 44
2 45
18 46
45 47
34 48
11 49
11 50
37 51
22 52
39 53
38 54
51 55
46 56
15 57
36 58
26 59
5 60
19 61
47 62
14 63
8 64
51 65
56 66
47 67
26 68
34 69
52 70
15 71
37 72
30 73
36 74
48 75
13 76
38 77...