8
8
2
8
8
4
4
8
8
4
8
2
1
4
2
2
2
4
4
4
2
16
16
2
1
8
8
8
4
8
8
1
4
4
8
4
4
2
4
2
4
16
8
2
2
2
8
1
4
4
1
4
4
4
2
4
8
2
4
4
4
4
4
4
4
1
1
16
4
8
4
1
1
1
4
1
8
4
2
8
8
4
4
1
2
2
8
2
1
2
4
1
2
4
2
4
2
16
4
2
8
4
4
2
1
8
4
4
4
4
8
2
2
16
2
4
4
2
2
4
2
2
2
4
8
4
2
8
4
4
1
4
8
8
4
2
4
16
16
4
4
4
1
2
4
4
4
4
4
4
1
16
16
2
4
16
4
4
1
4
4
4
4
4
4
1
2...