9999 10008
1 2
1 3
2 4
3 5
5 6
5 7
5 8
8 9
7 10
4 11
8 12
11 13
12 14
13 15
3 16
10 17
17 18
9 19
16 20
1 21
4 22
4 23
6 24
5 25
17 26
22 27
1 28
11 29
5 30
3 31
9 32
1 33
6 34
26 35
18 36
29 37
19 38
5 39
6 40
19 41
35 42
41 43
6 44
9 45
25 46
12 47
30 48
2 49
35 50
47 51
26 52
9 53
11 54
20 55
26 56
13 57
18 58
38 59
12 60
56 61
24 62
52 63
17 64
49 65
61 66
20 67
42 68
32 69
3 70
11 71
57 72
14 73
44 74
16 75
29 76
48 77
56 78...