8192
32
128
4194304
64
877905026
32768
1048576
8
65536
2097152
32768
16
16
16384
1024
8
8388608
32768
877905026
32768
16384
536870912
65536
2048
32768
4194304
262144
16
2048
877905026
67108864
8
131072
8192
256
1048576
4096
32768
8192
8
877905026
294967268
1048576
4096
512
262144
32768
2
8388608
256
1048576
32
32
8192
256
1048576
256
719476260
32
32
4
2097152
32768
8
8
134217728
33554432
8
8
8
64
1048576
134217728
8
32
65536
8192...