300000
2 1
2 3
4 2
3 5
6 5
3 7
3 8
9 2
4 10
3 11
3 12
2 13
9 14
15 11
14 16
8 17
17 18
19 1
20 12
21 15
15 22
23 14
24 20
25 8
13 26
27 18
28 6
29 7
19 30
11 31
32 14
33 8
34 18
20 35
36 28
12 37
26 38
28 39
40 39
41 22
4 42
32 43
44 19
34 45
46 16
44 47
48 2
22 49
50 21
51 23
5 52
53 5
54 13
55 9
13 56
57 19
58 48
59 6
60 45
53 61
15 62
28 63
64 37
65 9
66 14
67 32
68 43
69 13
70 46
71 65
72 30
50 73
60 74
75 1
76 59
62 77
78 39...