100000
1 2
3 2
3 4
5 3
6 3
7 2
8 6
9 6
6 10
11 1
12 10
8 13
14 4
2 15
16 12
15 17
9 18
8 19
20 7
21 12
10 22
23 20
18 24
8 25
26 15
6 27
28 5
17 29
24 30
14 31
32 30
33 32
34 29
35 10
36 22
37 6
38 29
4 39
17 40
14 41
42 21
43 13
35 44
45 2
46 4
47 16
14 48
49 30
38 50
49 51
52 29
53 47
48 54
55 49
52 56
57 13
1 58
59 56
40 60
12 61
62 39
39 63
48 64
41 65
66 9
28 67
68 3
69 12
70 46
5 71
69 72
73 42
49 74
75 62
23 76
77 33
78 42...