149999
149998
149997
149996
149995
149994
149993
149992
149991
149990
149989
149988
149987
149986
149985
149984
149983
149982
149981
149980
149979
149978
149977
149976
149975
149974
149973
149972
149971
149970
149969
149968
149967
149966
149965
149964
149963
149962
149961
149960
149959
149958
149957
149956
149955
149954
149953
149952
149951
149950
149949
149948
149947
149946
149945
149944
149943
149942
149941
149940
149939
149938
149937
149936...