500849
500230
500873
500734
500757
500958
500823
500518
501058
500607
500333
500827
500777
501511
500551
501073
500447
500657
501346
501021
500577
501397
500781
500891
501184
500662
501176
500465
500836
500584
500635
501129
500547
500706
500155
500639
501104
500693
500349
500737
500811
500780
501249
500669
501104
500823
500559
501105
500676
500847
500405
500641
500538
501245
500890
501264
500879
501228
501041
500957
501177
500842
500626
500389...