500309
500140
500308
500142
500141
500307
500139
500305
500306
500306
500141
500304
500146
500311
500308
500141
500142
500303
500305
500142
500309
500144
500306
500307
500138
500145
500138
500308
500141
500135
500134
500141
500311
500142
500137
500309
500145
500305
500137
500142
500314
500141
500143
500311
500139
500141
500142
500138
500144
500143
500145
500141
500307
500310
500307
500140
500141
500313
500135
500139
500313
500308
500139
500141...