500206
500198
500310
500305
500303
500311
500307
500309
500304
500210
500206
500201
500311
500203
500204
500307
500200
500306
500305
500204
500205
500309
500199
500310
500197
500205
500207
500208
500309
500308
500201
500199
500306
500206
500198
500309
500202
500198
500302
500202
500306
500205
500203
500308
500206
500203
500306
500205
500205
500309
500316
500302
500201
500307
500308
500200
500303
500307
500315
500303
500204
500305
500307
500202...