501045
501312
500751
501122
500557
501296
501047
500529
500580
500963
500963
501081
501168
500288
500653
500529
501133
500602
500637
500478
500554
500301
500698
500743
501084
500510
500484
500949
500800
500882
500947
500655
501149
500466
501193
501290
500796
500378
501153
500850
500923
500242
500632
500460
500443
501118
500875
500514
500901
500789
501477
500988
500478
500375
501367
500817
500418
501173
500968
500978
500919
501077
501246
500544...