500485
500271
500687
500875
501169
500517
501117
500452
500476
500577
500643
500924
500249
500462
501891
501011
500543
500305
500890
500678
501461
500830
500820
500533
500815
500210
500526
500933
500800
500579
501313
500258
501187
500556
501273
500623
500554
500981
500652
500345
500938
501365
500756
500785
500536
501055
501011
500831
500897
501245
500826
500834
500944
500283
500913
500798
500669
500528
500140
500675
501311
500766
500339
500996...