500566
500791
500791
500791
501595
501040
501067
501151
501825
501825
501825
501702
501546
501546
501327
501327
501530
501526
501526
501526
501526
501666
501666
501349
500170
500170
500323
500323
500607
500734
500734
500501
500501
500501
500501
501323
500241
500519
500655
500655
500655
500558
500558
500558
500558
500914
500689
500689
501124
501124
501124
501124
501124
500669
500515
500894
500972
501268
501268
501268
501268
501268
501268
501108...