500293
500153
500298
500158
500158
500298
500294
500152
500156
500153
500153
500287
500150
500294
500295
500151
500153
500295
500153
500153
500295
500154
500152
500152
500296
500296
500152
500295
500159
500153
500290
500295
500149
500293
500158
500296
500155
500294
500154
500152
500153
500291
500295
500151
500296
500299
500154
500294
500295
500289
500153
500299
500150
500154
500300
500153
500148
500150
500296
500295
500149
500155
500293
500297...