500002
500004
500005
500007
500004
500005
500005
500004
500006
500008
500004
500005
500005
500006
500004
500009
500005
500003
500004
500009
500008
500006
500007
500002
500007
500006
500004
500003
500006
500007
500004
500005
500004
500002
500003
500002
500005
500004
500008
500010
500007
500008
500006
500005
500006
500004
500006
500006
500007
500008
500004
500005
500002
500004
500006
500006
500005
500006
500005
500006
500009
500009
500003
500005...