500001
500001
500001
500001
500001
500002
500002
500002
500002
500002
500002
500002
500002
500002
500002
500002
500002
500002
500002
500002
500002
500002
500002
500004
500003
500003
500003
500003
500003
500007
500007
500007
500007
500008
500003
500003
500003
500004
500005
500005
500005
500009
500009
500009
500009
500009
500009
500009
500009
500005
500005
500005
500005
500005
500012
500012
500012
500012
500012
500012
500012
500012
500006
500005...