999987
999986
999980
999981
999986
999984
999984
999983
999983
999983
999984
999984
999982
999982
999982
999982
999982
999983
999987
999987
999985
999985
999986
999986
999986
999986
999983
999983
999984
999982
999982
999983
999983
999983
999983
999983
999983
999982
999982
999981
999986
999983
999983
999983
999986
999984
999981
999983
999987
999984
999984
999980
999982
999984
999984
999984
999984
999984
999986
999983
999983
999984
999984
999984...