500294
500535
500634
500634
500919
500954
500954
500694
501107
501076
501390
501390
500665
500901
500823
500823
500823
500855
500698
500698
500647
501147
501686
501755
500775
500680
500680
501040
501040
501352
501494
500993
501168
501102
500600
500601
500601
501322
501621
501621
501621
501621
500855
500855
500954
500579
500579
500579
500880
500557
500208
500364
500316
500316
500316
500854
500854
500341
500498
500498
500692
500692
500387
500744...