500157
500157
500157
500157
500157
500157
500157
500157
500157
500157
500157
500157
500157
500157
500157
500157
500157
500157
500157
500157
500157
500157
500157
500157
500157
500157
500157
500157
500157
500157
500157
500157
500157
500157
500157
500157
500157
500157
500157
500157
500157
500157
500157
500157
500157
500157
500157
500157
500157
500157
500157
500157
500157
500157
500157
500157
500157
500157
500157
500157
500157
500157
500157
500157...