500267
500267
500179
500268
500272
500178
500267
500267
500175
500268
500175
500178
500274
500175
500275
500178
500172
500275
500270
500176
500270
500269
500180
500180
500180
500180
500183
500267
500180
500266
500268
500174
500174
500269
500175
500271
500270
500276
500183
500185
500276
500180
500270
500264
500268
500181
500274
500175
500272
500265
500272
500266
500182
500175
500174
500180
500273
500183
500270
500184
500177
500269
500264
500177...