500349
500349
500349
500349
500349
500349
500349
500349
500349
500349
500349
500349
500163
500163
500163
500163
500163
500356
500356
500356
500155
500155
500355
500355
500351
500351
500351
500351
500351
500351
500351
500351
500350
500350
500157
500157
500352
500156
500156
500156
500156
500354
500354
500354
500155
500155
500155
500155
500155
500159
500159
500159
500159
500355
500355
500355
500155
500352
500352
500352
500352
500153
500153
500153...