500301
500301
500301
500301
500301
500301
500301
500301
500301
500301
500301
500301
500301
500301
500301
500301
500301
500301
500301
500301
500301
500301
500301
500301
500301
500301
500301
500301
500301
500301
500301
500301
500301
500301
500301
500301
500301
500301
500301
500301
500301
500301
500301
500301
500301
500301
500301
500301
500301
500301
500301
500301
500301
500301
500301
500301
500301
500301
500301
500301
500301
500301
500301
500301...