500832
500625
500313
500777
500662
500315
500415
500656
500849
500731
500862
500885
501063
500771
500511
500411
500468
500394
500054
500603
500879
501462
500362
500527
500641
500776
500945
501313
500438
500998
500469
501313
500559
500185
501129
500541
500280
500887
501022
500823
500529
500687
500446
500917
501035
501182
500611
500943
501825
501189
500346
501451
500695
501426
500336
500756
500737
501267
500501
500576
500363
500220
500790
500556...