500855
501153
500783
500735
500337
500480
500315
501335
500541
500754
501107
500944
500628
500430
500899
501146
500432
500648
500810
500389
500630
500431
501506
501238
500530
500796
500870
501128
501108
500539
501018
500731
500582
500833
501224
500583
500476
501009
500947
500461
500514
501224
500395
500310
500407
500987
500728
500539
501001
500554
500384
500582
500430
500841
500668
501389
501078
500312
501299
501081
500405
500898
500994
500569...