500244
500277
500231
500280
500235
500276
500236
500278
500243
500277
500232
500269
500237
500271
500236
500269
500237
500272
500237
500270
500235
500272
500235
500272
500235
500271
500236
500273
500236
500273
500235
500274
500235
500274
500236
500278
500240
500271
500229
500271
500239
500272
500241
500276
500242
500278
500237
500264
500230
500263
500234
500273
500228
500268
500232
500263
500235
500264
500228
500266
500232
500267
500236
500280...