500264
500260
500260
500255
500262
500257
500256
500263
500261
500265
500262
500262
500257
500268
500264
500268
500249
500251
500255
500260
500265
500254
500260
500258
500257
500259
500266
500262
500265
500260
500254
500257
500253
500257
500261
500264
500260
500264
500269
500261
500260
500252
500256
500264
500262
500261
500259
500265
500255
500268
500263
500269
500264
500261
500250
500253
500257
500257
500256
500261
500261
500256
500259
500259...