500249
500249
500245
500238
500241
500239
500245
500246
500251
500246
500252
500248
500244
500248
500251
500253
500257
500253
500244
500246
500251
500249
500247
500246
500248
500249
500258
500258
500241
500244
500252
500257
500250
500248
500244
500242
500254
500245
500247
500247
500252
500247
500253
500246
500245
500250
500252
500251
500248
500253
500249
500247
500245
500251
500253
500243
500250
500250
500254
500257
500248
500252
500251
500247...