500266
500239
500271
500248
500262
500245
500266
500240
500268
500238
500266
500245
500265
500245
500269
500240
500266
500234
500271
500239
500265
500247
500264
500249
500265
500236
500265
500250
500264
500246
500269
500239
500264
500239
500265
500245
500267
500247
500264
500239
500262
500239
500272
500237
500268
500249
500267
500244
500264
500245
500261
500247
500268
500246
500266
500243
500273
500244
500267
500250
500265
500234
500266
500245...