500268
500231
500274
500225
500283
500227
500276
500224
500280
500223
500277
500226
500278
500236
500283
500225
500279
500231
500276
500221
500275
500234
500282
500233
500282
500234
500286
500238
500276
500229
500281
500239
500281
500224
500283
500227
500287
500236
500275
500222
500281
500237
500278
500227
500278
500224
500278
500232
500280
500232
500274
500231
500274
500235
500280
500228
500281
500230
500275
500233
500278
500234
500280
500224...