10131
15870
14399
36284
31014
4872
49354
74426
3880
116360
9921
25372
98044
15302
17148
67488
43580
32142
17286
28742
91428
78939
29954
80083
10115
60777
45500
80312
46216
121226
120470
28574
111245
97836
14198
5700
54138
72785
68645
14163
67678
76775
56640
67257
14443
32757
54893
11062
5685
64617
108400
34136
96522
55204
44765
46305
112197
84007
16928
89263
82937
21063
27458
44215
9864
132632
7109
45281
18694
13014
45003
36929
120345...