37214
48358
68141
20079
46992
57506
49815
25384
49498
67163
92850
2339
30365
25379
12638
83468
69978
5266
16540
22440
56968
112142
15831
6587
11158
66983
2967
3826
85668
37771
52451
34230
59506
41909
92450
50648
52510
14405
90576
36648
46165
1980
31202
83471
45167
33371
112968
516
27166
48923
34433
1880
118544
54026
17022
38747
26139
2379
51484
4850
81492
22061
20627
98466
2469
17815
31532
52213
12285
7075
9732
75002
24420
806
37906...