4647
74314
22564
1617
37310
25054
4056
70047
44648
30588
15020
10536
19100
10199
12149
81546
54886
52672
2316
39526
13282
8624
36686
37072
51090
76188
49487
56088
3115
103324
23438
74254
3479
22887
91458
27982
40612
89958
31387
3011
27713
24545
40566
96806
10224
20455
107735
45698
14175
77452
120920
98709
24603
61368
79647
9184
10250
43079
33957
55258
40399
34792
60714
4632
88778
21275
25271
23259
103103
64276
33380
8628
106582
37558...