10622
57177
82912
88623
25080
87828
11594
14458
49491
57502
88555
90883
56760
90273
24557
24792
15352
76915
105712
43505
10151
26610
16763
15768
5871
37005
11644
62886
21675
85987
53984
7489
29442
23259
4786
32916
106960
26418
43478
36794
23477
5138
69462
60125
70634
6615
90194
55545
57259
52900
66976
33564
24179
75818
79070
68480
21577
3659
19568
72448
4748
17082
103946
3396
30712
13298
59254
43648
4453
52031
98973
76634
66997
27030...