2001
1597 216
1597 1642
1597 1863
1597 830
1597 1970
600 1597
1597 1083
1597 1296
1597 1710
1818 1597
982 1597
1568 1597
1254 1597
1597 966
56 1597
1987 1597
1597 1053
1597 1280
1597 1185
1597 122
1597 325
1597 1378
1752 1597
1597 1859
1597 702
789 1597
1262 1597
1597 891
1597 1372
1962 1597
1597 545
1597 1044
1484 1597
1946 1597
1597 1026
1597 183
1597 506
1597 906
672 1597
1906 1597
853 1597
1597 1758
1597 1848
128 1597
1597 178
1597 245
1597 1537
352 1597...