4001
1433 3492
2361 1433
1433 1353
1433 1157
3936 1433
1433 631
1287 1433
2882 1433
1433 1747
1433 2141
1433 3427
1433 245
1433 3517
1109 1433
429 1433
713 1433
3605 1433
3092 1433
1433 586
1433 1985
1433 1828
1433 2848
908 1433
3030 1433
1433 1595
1433 386
106 1433
3299 1433
1433 3907
1279 1433
1433 1568
1433 1310
1165 1433
1433 503
1433 2297
1433 927
2148 1433
2718 1433
1433 2082
1433 1977
3918 1433
2341 1433
1433 986
1158 1433
3055 1433
1433 2032
1433 3533...