101
74 75
26 1
1 42
1 28
53 1
96 76
86 1
76 64
76 68
97 76
82 1
76 20
14 75
25 86
54 75
83 99
86 39
1 57
67 75
101 1
86 60
5 75
37 55
1 84
1 18
2 1
51 1
1 34
65 1
1 91
1 35
49 75
1 6
1 62
7 86
38 75
1 50
75 1
1 89
75 48
75 71
31 1
1 41
85 1
1 32
75 8
55 1
1 70
58 86
1 11
12 1
1 46
56 1
63 1
80 1
86 81
1 33
21 1
75 29
9 1
1 95
1 40
1 10
61 53
98 1
19 1
45 1
83 72
83 1
87 1
75 43
1 15
75 22
23 1
75 59
76 16
88 1
76 93
75 66
90 1...