100
200 166 157
361 313 205
286 497 279
492 286 198
389 371 341
135 399 390
418 195 344
286 386 438
106 365 278
487 320 467
277 375 370
379 358 288
301 221 330
442 308 312
122 224 313
255 431 215
455 483 333
368 241 438
408 393 421
190 258 494
184 159 229
101 484 264
190 212 105
184 196 270
314 210 116
211 304 418
381 442 160
212 278 485
126 463 228
121 284 137
305 341 360
324 470 490
119 418 220
126 246 392
347 436 381
171 244 320
215 139 447
434 386 334
438 199 475...