333
421 357 437
424 334 377
421 393 360
440 419 397
421 352 410
369 397 413
434 369 417
398 363 401
376 341 350
354 407 385
342 408 434
420 354 414
372 437 376
369 392 376
423 439 438
345 424 417
364 434 340
392 356 358
346 345 359
366 366 358
425 400 335
336 363 435
345 378 356
389 344 366
406 342 359
422 419 440
366 411 348
437 348 348
380 379 364
342 338 369
390 380 432
420 354 388
442 394 386
371 353 362
352 432 390
412 371 347
353 383 414
382 347 355
348 382 402...