147
297 373 292
387 296 362
377 354 383
256 351 310
249 259 353
325 317 347
265 309 307
320 295 275
329 371 274
333 334 302
326 330 307
268 305 281
363 344 288
268 352 312
352 350 255
362 386 398
343 293 355
260 278 269
284 281 274
270 372 397
258 392 354
320 302 341
310 252 303
345 364 279
281 352 368
398 255 365
362 383 273
341 326 324
330 337 340
346 364 356
393 305 267
394 349 271
324 393 293
344 313 271
259 343 256
329 366 260
283 250 394
321 304 356
262 373 374...