444
336 373 378
261 246 380
428 301 405
372 400 348
271 254 293
341 430 331
349 246 332
333 303 324
342 402 295
361 360 389
381 233 392
366 434 381
258 419 308
370 347 235
410 325 401
439 404 385
443 312 339
365 232 225
362 377 397
373 300 279
439 382 329
251 357 231
223 252 273
250 261 415
413 372 282
344 243 401
246 349 228
224 299 382
296 261 418
243 412 277
343 389 433
226 385 324
345 377 402
351 294 389
439 386 420
443 271 363
436 338 292
240 355 258
282 340 409...