499
474 372 463
455 491 360
362 392 444
435 426 370
439 363 330
324 407 383
493 392 307
400 366 449
390 385 488
318 410 401
477 485 446
470 432 395
324 407 381
476 406 440
354 461 333
437 395 327
404 345 374
459 489 447
409 444 447
331 394 309
366 447 457
452 306 496
346 328 426
368 421 363
461 408 418
462 328 404
452 370 453
445 302 363
475 344 453
315 356 333
309 301 330
438 322 496
323 459 329
347 476 417
463 309 348
410 299 424
436 436 374
303 344 459
346 364 338...