16
15
15
16
15
18
21
24411
14
31796
4653
26
42285
12
31038
32401
18
19
28565
24
13419
35674
4653
31796
22020
24
25
2166
7736
23
19
24
31796
32401
22
41104
31038
15
20
18
19
17
22
8656
20
17
22020
19
42582
28565
34753
13
24411
14
31038
18
15
10684
20
29754
20866
16
31038
1
10684
18
19
26
11
39217
14
15192
16
16
17
6
39217
4597
31038
10684
17
17
23
17084
42582
10684
19
23
16
31796
8414
13419
16
14
25
10684
16
18...