11096
17
1042
8
17
666
15146
5098
4913
22
1042
11067
18
17
21
1727
17
14
13
14
17
11370
1042
7282
11370
8021
12
17
1727
10052
14
12
10
11096
11639
2940
17
2940
1
13
15146
15
1042
20
25
16
20
504
16
14697
17
1042
14
12636
13649
10
4458
12937
16
12937
11096
1645
13649
7402
5621
19
13
19
15
17
4913
14
20
17
1
1042
13
18
14167
7884
11370
7402
11370
19
6
17
4913
4458
15
19
16
16
20
24
16
20
12937
2890
15104
15146...