15
41483
1604
21643
63584
63584
17
10255
67109
20
18
18
46150
66399
6966
21
21
12
21
21
11723
16
21
23
17
12
18
60600
41483
10255
24
28
19
20
15
1604
21
46150
21643
22
12
10
67109
26
16
13
20785
27
1604
60600
34988
23
60600
16
20785
28
22
6767
26
29
24
46697
24
19
22
17
66399
10255
19
47544
20
21
14
1
63584
1
43690
11723
18
17
11723
16
19
46697
11723
18
14
66399
15
13
24
46150
24
46150
34988
26
15
8
46697
27...