7244 91673
9 1958 6693 2331 1823 6896 3513 2786 1249 5976
0
1 986
0
0
1 6185
0
0
3 2915 609 2688
2 5089 6202
0
2 4435 7156
1 1394
1 3809
1 7204
1 5552
4 3118 5353 6817 1880
1 5257
0
0
1 4455
5 2936 2521 2221 6989 3103
3 4231 3239 3952
0
1 3190
0
3 1411 1655 3880
0
0
1 4016
2 6745 4585
1 6122
1 1720
1 4369
1 3111
1 2339
0
2 3703 6057
4 7067 1711 3816 3304
0
1 6790
0
0
3 121 5790 1578
1 5714
2 5338 6556
0
0
2 2706 3243
2 2231 2634
1 1944
0
0
1 2466
0
0...