29294 79298
9 5510 14857 11669 11171 3498 24024 23183 21933 26794
0
0
0
0
0
2 22947 27646
0
1 21484
3 7538 24520 27232
1 3185
2 5652 19260
0
3 13234 6059 14317
2 20874 26408
0
5 12375 21041 22002 648 5458
2 29045 24227
2 14818 5954
0
2 28047 20328
0
0
2 6343 12480
0
0
0
0
0
0
0
4 14070 18994 8036 18437
0
0
1 13606
0
0
1 13431
0
0
1 9323
2 13541 15622
0
1 27822
0
1 18819
0
1 14927
0
1 18184
0
1 10390
0
1 7042
0
0
1 20431
1 28797
1 22494
0
1 20095...