25233
11
12
19
5436
14
24
20
25233
26376
5436
24
25
15
20
13103
23
14
51865
19
22
25281
51865
14
14
36904
25045
26376
28
20
17
20
22
42895
19
16
20
16
25281
21
19
1
15
23
18
19743
36904
57760
22
57984
19
23
19
24
19683
19743
15
42895
16
7946
8
15
29949
23
55733
27
57760
28
18
26376
12
27
20745
36904
20
25281
42895
20745
19743
25281
41992
20745
21
16
26
54339
19
25233
22471
16
13
19683
29949
20745
45217
25281
19...