77535 53988
13 18366 51974 29515 47319 46628 64484 60337 66003 63755 43617 40397 26278 71998
0
0
1 40847
2 35849 11944
1 13303
1 28709
0
2 53496 48982
0
1 64071
0
1 61507
1 951
0
2 60812 13322
0
3 18725 562 18699
1 11893
1 74807
2 62871 54106
3 57843 40054 36916
0
3 23295 34091 24311
0
0
1 16331
3 45939 19072 60772
7 10777 6158 36388 19467 59459 71704 52956
1 63390
2 38041 70469
0
0
0
0
0
0
0
0
0
0
0
1 40474
4 22293 8616 52434 18996
1 16963
0
1 35650
0
0
0...