49604 75583
13 34360 46286 31925 36070 48007 10143 2856 13196 47251 40948 10881 21188 32964
1 21987
1 7499
1 30223
0
1 1609
2 18428 30642
0
1 39330
1 22973
2 19529 31295
1 9199
4 11931 25899 44509 20706
3 23207 32456 17557
0
2 35246 358
3 23833 36564 35230
0
2 29915 33739
0
2 8925 13693
0
1 9428
0
1 35395
0
0
4 2158 11987 11401 14180
0
0
0
0
3 29073 4785 3249
0
1 2117
0
0
0
2 22299 14783
4 85 3023 21336 8847
1 9681
0
0
2 15620 42706
0
0
0
2 33654 42195
0
0...