15736
35580
23728
52290
43359
3550
35245
84199
28752
26892
424
64907
72051
17298
34723
33359
65893
72430
6888
18549
9507
18852
38468
26951
26386
15803
47241
6879
58486
78268
50729
13618
21536
10585
55376
17184
67981
32362
6811
16346
87483
75472
38200
99248
6575
45161
9592
19049
3579
65157
49601
10523
25487
49724
73383
54546
56303
15248
35863
70337
22104
38363
32101
27664
82816
17886
39504
76112
31450
65297
12129
7797
4071
15358
1900...