12
9239
5904
21
5653
5904
7047
15255
1
13
17
1
14874
9239
12
10968
21
22
10968
1711
17
14
17
13
9
5914
9556
16
23
5914
2321
21
10968
968
5583
1
12
14
14
9556
968
18
6996
14290
18
15
5914
6996
22
2321
16
16
5653
5583
2321
6996
16
1711
16
14
13
24
10968
25
21
12
5583
968
21
12
5583
20
15
19
17232
9239
968
16
9239
14290
1711
2321
18
9239
1711
9139
15
10
7047
11
10
6996
13
4141
19
8
14874
7047
8
17
17
7047
16...