9955
17672
6823
3531
25686
10583
26961
23037
670
366
4301
3229
936
11748
5896
3013
22786
28391
9324
21378
35402
34439
1811
3235
11340
25925
8966
32916
12675
2135
15723
33092
3403
18047
209
3374
6636
1145
1875
2033
14737
496
611
11959
4555
27113
29688
26314
9229
2680
20584
6229
2436
5788
780
6239
38537
7244
5430
14751
574
8959
3107
7255
2968
24767
40559
13246
2390
18575
15297
8479
1137
16118
1063
4901
39613
29492
2895
6823
3294...