20834
41500
21425
25335
4078
6767
3004
38226
3778
9866
37345
34717
33806
9639
3059
808
37119
29530
17021
32273
131
2044
4206
20487
25603
10440
9725
23317
11112
730
16659
340
16857
818
25025
31461
27995
1169
7673
9028
33775
14093
5411
3271
41126
1468
6401
23141
3788
22850
102
4000
480
46608
2420
17270
2986
2528
40080
8556
10638
2552
3571
24450
1400
12944
6198
2791
18527
1561
43660
23778
5189
28177
3214
10240
16926
9134
3146
4398...