1101
40536
33161
25597
44859
14300
290
1178
886
21583
24211
11705
15143
24896
2558
6889
7440
29047
27213
17532
10752
20902
25562
7128
6273
4063
44821
6170
25168
17042
7684
20956
31858
2514
31832
53589
4663
21973
1045
6387
31109
3623
21212
50983
35660
19826
28075
18809
1952
16483
2842
48915
33849
26114
16613
9203
154
5050
5434
4748
511
487
15187
18364
9870
1871
12042
15322
8706
13578
2862
65980
13000
61120
26323
5868
74
1331
2348...