38380
20605
6027
42681
3226
7421
18709
3557
53283
6917
7742
44253
5903
25005
10101
8416
7909
48602
19283
16893
33830
17939
1309
9638
22450
49052
2465
66251
29680
14415
2144
122
54409
1023
10217
35349
14516
29207
742
64695
14833
51433
54296
40537
7417
1068
16734
14811
1575
52217
55148
37007
2971
44572
23533
5891
11871
887
20962
18827
20268
16318
8138
8458
22171
30629
10550
14055
23479
432
62177
12070
32595
47
30543
49919
975
16350...