3465
2
26092
24523
16737
1632
74
16210
12794
2949
3
933
8253
8258
0
0
3
413
2005
767
25788
36625
9056
28827
25072
1353
23590
34501
3
924
37522
12382
0
2977
10650
7481
19971
2142
7621
2700
0
12697
245
5591
1740
1
1996
562
0
21306
1038
2
3
7743
1
27919
29291
1
27947
3817
14597
9816
2950
4395
742
1
11438
0
623
29414
25415
4260
11098
7128
1098
0
2149
9845
45137
23506
13413
14787
22123
2
0
1
4253
0
7961
0
588
5018
27156...