64456
64941
65956
66184
64587
64341
63728
64349
65955
64057
66767
64440
63773
64799
63510
66125
65245
64751
65402
63397
64200
66061
64989
65062
63773
63926
63053
66001
66037
63909
66410
64250
64459
64927
65659
65299
64520
64574
66341
0
65025
66516
66343
64301
64287
63209
65010
66097
64217
64859
64861
65048
64455
64274
64808
65192
64851
2
64612
65580
62930
66258
64838
64430
0
0
66608
66191
64479
65958
64249
63692
0
64089
64890
65028...