1
2
0
2
7
172
1
5
2
0
0
1
0
1
0
4
0
0
0
1
0
0
0
3
0
0
4
0
0
0
0
0
0
1
0
0
0
0
1
0
2
2
12
2
0
2
2
0
2
2
0
0
13
1
0
3
1
0
3
2
0
1
1
0
13
1
0
0
5
1
0
0
1
86
5
2
0
0
4
0
1
14
32
0
2
2
0
1
0
1
1
1
1
2
1
0
0
4
2
1
1
1
1
0
1
0
0
1
0
118
0
0
1
1
1
2
0
0
0
0
2
1
3
0
3
3
2
28
0
0
1
12
2
4
16
1
4
1
0
3
0
1
1
0
0
1
2
0
11
3
0
0
0
0
0
1
0
0
0
0
0
0
1
0
1
0...