27
29
24
21
22
19
23
23
21
26
25
16
33
20
26
22
19
14
28
26
16
23
13
17
13
24
17
16
21
18
16
13
24
16
16
25
24
25
24
20
22
23
17
20
23
23
16
20
29
23
22
23
23
22
17
26
18
21
30
24
20
21
25
20
19
18
24
19
21
20
23
23
20
25
26
19
20
24
20
24
26
22
18
20
12
27
15
20
19
24
22
21
26
23
14
29
26
15
12
23
16
32
21
19
23
22
20
20
25
15
26
23
23
18
23
25
29
22
24
19
23
24
24
25
19
27
17
14...