10103
64912
6557
67096
24543
74203
8996
77747
47108
29478
32813
65027
34142
34919
50662
46077
5530
37631
13837
6636
6851
15153
2073
17122
11812
6445
21603
718
3729
37303
13369
35860
64647
19384
46461
106563
41352
20149
34127
59203
19267
22732
63410
85480
65800
405
68227
57051
5236
6213
30713
95673
19853
15297
14831
13880
42141
134474
102919
22249
65142
24624
72077
11094
1854
42400
16394
73367
14519
13482
16524
34250
78477
8022
22867...