100000
999999999990 945143996643 945143996614 945143996638
999999999990 945143996643 945143996614 945143996639
999999999990 945143996643 945143996614 945143996640
999999999990 945143996643 945143996614 945143996641
999999999990 945143996643 945143996614 945143996642
999999999990 945143996643 945143996614 945143996643
999999999990 945143996643 945143996615 945143996613
999999999990 945143996643 945143996615 945143996614
999999999990 945143996643 945143996615 945143996615
999999999990 945143996643 ...