1810
1000000000000 632853779203 632853779176 632853779192
1000000000000 632853779203 632853779176 632853779193
1000000000000 632853779203 632853779176 632853779194
1000000000000 632853779203 632853779176 632853779195
1000000000000 632853779203 632853779176 632853779196
1000000000000 632853779203 632853779176 632853779197
1000000000000 632853779203 632853779176 632853779198
1000000000000 632853779203 632853779176 632853779199
1000000000000 632853779203 632853779176 632853779200
1000000000000 63285...