100000
124272371505 14857869176 3504489017 5415377887
444050665588 203397123071 47794909135 42499609248
335265500614 163750570012 61911921323 15109080991
450754198180 104339494534 94127327352 1058880080
542466530501 404970527310 258843105264 215354440674
77835122322 43362966016 15047129062 4559565552
276053650178 148234710739 573838186 54623105559
319929192255 78701085909 58982332472 8856243177
384634348439 223223012738 177286632471 19107458431
634360812379 490814060916 72425416963 54055517679
6...