100000
258385599125 78092069277 6824838688 39628564455
961358140081 172524445203 168643038048 703076070
183413115088 61006893426 42630932464 7201202280
448053313254 171971692805 50323825411 13453364400
282398722857 278340973669 37290210123 16512004042
296233191093 21735861291 5394721649 15478838524
448264125858 87301326439 76304721876 5156086809
733774364611 580351746525 13381971740 116560212382
583722032663 125450580360 7293880654 19868130882
133923316342 3749675927 911719959 1194948085
4822945...