100000
78 38 13 15
78 38 13 16
78 38 13 18
78 38 13 19
78 38 13 21
78 38 13 22
78 38 13 24
78 38 13 25
78 38 14 0
78 38 14 1
78 38 14 2
78 38 14 3
78 38 14 4
78 38 14 5
78 38 14 6
78 38 14 7
78 38 14 8
78 38 14 9
78 38 14 10
78 38 14 11
78 38 14 12
78 38 14 14
78 38 14 15
78 38 14 17
78 38 14 18
78 38 14 20
78 38 14 21
78 38 14 23
78 38 14 24
78 38 14 26
78 38 15 1
78 38 15 2
78 38 15 4
78 38 15 5
78 38 15 7
78 38 15 8
78 38 15 10
78 38 15 11
78 38 15 13
78 38 15 14...