100000
999999999980 258442058745 258442058715 258442058715
999999999980 258442058745 258442058715 258442058716
999999999980 258442058745 258442058715 258442058717
999999999980 258442058745 258442058715 258442058718
999999999980 258442058745 258442058715 258442058719
999999999980 258442058745 258442058715 258442058720
999999999980 258442058745 258442058715 258442058721
999999999980 258442058745 258442058715 258442058722
999999999980 258442058745 258442058715 258442058723
999999999980 258442058745 ...