126009336
479772841
716239247
475123310
422047010
999409392
157986082
378937511
325394215
424365303
84346002
827809168
524509210
12943014
762133911
866509025
641345047
795337021
713868852
514641764
250875336
585261652
616217090
340210329
944429042
206191125
703359350
700323676
123253317
672315126
552234570
654014385
29482840
881184717
647674470
92716332
923459491
569395697
706314285
832845640
68442637
633862842
362276351
788889194
486992785
244003051
165447950...