100 100
1 1 1 1 1 1 1 1 1 1 1 1 1 1 1 1 1 1 1 1 1 1 1 1 1 1 1 1 1 1 1 1 1 1 1 1 1 1 1 1 1 1 1 1 1 1 1 1 1 1 2 1 1 1 1 1 1 1 1 1 1 1 1 1 1 1 1 1 1 1 1 1 1 1 1 1 1 1 1 1 1 1 1 1 1 1 1 1 1 1 1 1 1 1 1 1 1 1 1 1
51 82 1
14 81 1
17 37 1
78 92 1
15 64 1
8 86 1
8 89 1
77 87 1
10 66 1
12 15 1
25 100 1
47 92 1
21 78 1
20 63 1
13 49 1
36 41 1
41 79 1
16 87 1
69 87 1
3 76 1
60 80 1
49 100 1
59 70 1
8 72 1
38 71 1
45 97 1
14 71 1
54 76 1
4 81 1
46 59 1
29 39 1
3 92 1
22 49 1
53 99 1...