165899
194302
150125
141076
101758
100170
186965
134698
191485
166255
176164
195543
104370
138528
126608
171381
114721
195153
101374
163773
143393
183659
126279
190708
153485
194693
111965
165470
125542
172797
188659
123185
110583
115962
162279
168697
168090
174920
111712
165353
182201
175566
114873
147054
197992
188527
139433
165311
122691
148651
171895
102203
146604
118411
165664
121812
129543
113642
124852
121870
142029
125275
153701
174790...