195000
195000
195000
195000
195000
195000
195000
195000
195000
195000
195000
195000
195000
195000
195000
195000
195000
195000
195000
195000
195000
195000
195000
195000
195000
195000
195000
195000
195000
195000
195000
195000
195000
195000
195000
195000
195000
195000
195000
195000
195000
195000
195000
195000
195000
195000
195000
195000
195000
195000
195000
195000
195000
195000
195000
195000
195000
195000
195000
195000
195000
195000
195000
195000...