100 100
1 1 1 1 1 1 1 1 1 1 1 1 1 1 1 1 1 1 1 1 1 1 1 1 1 1 1 1 1 1 1 1 1 1 1 1 1 1 1 1 1 1 1 1 1 1 1 1 1 1 1 1 1 1 1 1 1 1 1 1 1 1 1 1 1 1 1 1 1 1 1 1 1 1 1 1 1 1 1 1 1 1 1 1 1 1 1 1 1 1 1 1 1 1 1 1 1 1 1 1
37 41 1
36 94 1
48 94 1
53 61 1
23 77 1
21 98 1
48 55 1
6 50 1
58 89 1
15 29 1
54 85 1
39 71 1
25 40 1
12 58 1
51 63 1
19 33 1
8 22 1
45 56 1
20 41 1
13 67 1
70 75 1
63 65 1
25 48 1
17 75 1
39 49 1
66 86 1
42 84 1
7 25 1
69 76 1
5 11 1
17 80 1
68 77 1
60 88 1
62 80 1...