51
1 3
3 3
9 3
27 3
81 3
243 3
729 3
2187 3
6561 3
19683 3
59049 3
177147 3
531441 3
1594323 3
4782969 3
14348907 3
43046721 3
129140163 3
387420489 3
3 9
27 9
243 9
2187 9
19683 9
177147 9
1594323 9
14348907 9
129140163 9
27 81
2187 81
177147 81
14348907 81
2187 6561
14348907 6561
14348907 43046721
9 27
243 27
6561 27
177147 27
4782969 27
129140163 27
6561 19683
129140163 19683
81 243
19683 243
4782969 243
729 2187
1594323 2187
59049 177147
531441 1594323...