100
5832000 90
138240 207360
240 60750
960 5400
1620 16200
103680 72900
1200 144000
864000 243000
216000 182250
3600 21870
1312200 6998400
5760 4199040
777600 90
1312200 14400
12000 4050
36450 240
900 3499200
103680 524880
14400 349920
419904000 388800
279936000 23040
874800 4050
104976000 324000
180 4500
16200 46656000
27993600 139968000
8640 4800
15552000 1312200
1640250 546750
8100 13500
19440 4320
8398080 1728000
46080 1728000
48000 16200
2592000 51840
108000 172800...