2827
-11
+25
-5
-33
-15
+43
+18
+16
-27
+24
-19
-20
-34
+12
-34
-40
-29
-11
-41
+28
+22
+18
-41
+24
+49
+30
-34
+43
-25
+1
-49
+51
+19
+48
+38
+36
-44
+15
-14
+49
-10
-10
+41
-11
-5
+7
-17
-33
-21
-4
-8
-47
+4
-28
-30
-44
-5
+16
+12
-46
-51
+17
-44
-42
+3
+12
-22
-45
+16
+14
-40
-44
-35
-36
+30
-46
-20
-24
+12
+25
+26
-40
+43
-18
+24
+8
-6
-41
-28
-27
+21
-52
+7
-25
+40
-24
-52
-13
+26
+3
-1
-24
-23
+18...