3460
-7
+31
+4
-10
-27
+31
-27
+57
-11
-42
+7
-26
+25
-16
+41
+49
-28
-18
-1
+17
+28
+16
+14
+20
+56
+19
+2
-16
+19
+41
+47
+23
-40
-40
-29
+40
+1
-7
+57
+57
+57
+20
+18
-22
+13
-40
-6
-17
-18
+17
+56
-41
-50
-28
+56
-41
+55
-45
+1
+22
+9
-36
-31
+30
+35
-43
+20
-49
-6
+8
-21
+17
-34
-2
+44
-36
-54
-39
-11
-55
+4
+52
+48
+26
+31
+8
-4
-34
-54
-19
+23
-7
-22
+44
+48
-54
+23
-41
-18
+3
-30
-52
+60
-9
+57...