216
0
5
0
0
89
89
0
116
0
0
0
0
0
47
47
3
141
0
0
0
0
10
116
0
33
7
0
0
156
0
89
33
0
7
143
0
147
0
0
6
10
0
26
0
0
9
0
0
0
7
31
0
0
15
89
14
0
15
0
135
135
135
0
0
0
0
0
0
0
6
0
0
0
0
0
147
7
6
15
0
7
5
15
0
0
4
1
0
1
0
3
1
6
3
47
1
4
0
47
1
5
0
10
0
0
143
0
0
10
0
1
13
3
0
10
55
0
0
33
0
6
0
7
0
1
0
0
0
0
0
0
30
0
0
8
17
0
0
7
6
3
3
0
6
0
10
0
6
8
2
6
33...