22
263
25
110
117
224
376
240
259
186
294
198
381
176
28
245
260
344
256
378
355
35
42
57
191
330
238
326
120
168
260
156
18
334
276
56
163
139
256
176
151
346
114
289
379
187
242
114
177
26
185
165
385
75
347
361
110
175
254
111
302
134
303
202
183
205
176
125
311
279
338
356
63
165
111
86
317
253
319
283
27
240
69
255
1
344
206
111
111
335
225
155
76
325
114
221
317
282
107
142
39
229
158
289
361
233...