19642
2969
21337
15515
11346
3673
25094
10026
24554
9680
17686
6435
24064
19089
23287
3324
21295
23990
23079
23878
7109
8761
12294
9347
2118
12730
8829
25157
19362
5036
15387
18274
17829
25681
3266
963
24883
2390
25882
1185
17630
2291
12110
12222
2779
4456
8018
962
10432
5977
16486
4350
10360
7039
10081
6235
3037
11931
10468
5062
13118
789
13818
9428
6411
3083
14192
11356
14729
24136
16318
6573
19046
12709
14060
12970
23180
21793...