2263
4847
2032
3022
6625
4866
2525
4146
8397
280
7068
5059
373
943
4817
7096
481
28
7707
5794
2526
7746
3325
1262
1219
7808
627
5910
734
3443
479
5415
4151
1724
479
1544
5941
7359
7759
4502
346
4405
4599
268
8350
8067
5579
300
4021
7737
5325
7282
1316
2339
52
360
6966
4975
6685
738
3801
7962
5585
6870
1364
2097
5524
1924
1136
5226
197
6097
1977
2280
2437
894
8138
5530
2022
1500
6182
926
2042
4988
844
7051
268
2503
2112...