121
79
118
39
380
121
143
13
249
342
192
374
294
169
309
288
265
114
29
5
115
284
22
179
53
141
349
64
159
93
171
228
277
112
29
21
222
221
121
93
332
16
87
78
382
331
38
223
193
367
184
267
13
361
187
210
96
84
132
242
309
319
286
78
288
368
80
275
355
167
147
6
93
95
213
236
162
176
252
362
117
161
332
366
171
228
70
200
97
359
151
289
166
169
78
159
22
65
211
77
365
371
225
9
207
4
94
257
349
93...