4758
2006
207
2953
2859
1221
3947
2642
3917
4133
4490
4550
4425
2343
364
712
2521
5612
3677
5041
1552
4968
2990
4538
4170
4061
5723
901
5924
4409
5659
4447
1535
2883
941
1057
2193
2579
2599
1777
5153
793
2770
1515
2614
2821
1820
2223
564
3624
5362
5776
2957
4922
4546
819
4275
2946
2400
290
1922
3449
3249
3906
4040
5250
2416
257
3500
4047
4239
5125
3620
3755
5467
4182
3872
1594
1047
2138
4435
3550
2375
3095
2210
1823
3206...