8359
10274
6585
9738
4533
5812
14197
36
9445
8576
6416
13103
5081
4899
12340
9150
8626
1664
4979
9456
12649
13253
13078
9903
4739
2891
2120
9270
13741
9703
10967
11916
381
7608
11737
7767
13031
9837
11515
11168
3482
737
11194
3445
4545
11017
4335
2376
5195
9895
13436
5451
376
3456
8972
2461
9457
6918
9520
12291
12841
4860
10729
12676
13640
2538
4237
3528
5990
9776
6868
2706
2354
10209
6036
2182
8027
5120
11760
4080
12283
5752...