8431
9110
7926
23606
17828
5280
24050
11322
19041
11096
9319
12155
13690
8096
18843
21227
7380
12832
21841
5341
7383
22880
25011
1618
10706
10632
18598
23339
21686
21897
18772
16998
9891
21309
25849
25980
3795
15845
24871
2458
17466
1578
25560
9826
1424
14451
13325
5447
23698
3525
4372
6551
17576
5064
25932
3370
5620
25039
3626
131
22945
2634
15881
15906
3615
5900
6566
7976
2476
20446
17794
21108
1661
22294
17223
5886
13277
15285...