2849
1801
5601
4627
3759
7523
4463
5852
1244
1729
2696
7404
5289
3409
2397
4531
1948
5766
5958
3261
5817
6800
5559
7307
2181
4707
4188
2402
6953
681
2895
6175
3515
4447
563
7157
3710
5052
7571
3380
6665
893
189
7435
4711
672
3118
3394
2410
5957
941
3449
7556
691
6500
2009
6925
5794
4026
4824
5967
6935
2248
7702
2822
7307
3935
177
5916
849
5850
2445
1336
6912
7154
257
4522
5393
2833
6659
3679
4299
5010
3470
2031
7156
3042...