1 9 5 98
8 6
7 0
-3 1
-2 7
7 10
5 10
-6 5
7 -1
-2 -9
-5 -10
-2 -4
3 -10
-3 2
-8 4
7 -4
0 -6
4 10
5 3
8 -10
7 6
8 4
-7 5
-10 1
-10 -10
2 10
-3 3
-6 -7
-2 10
-9 2
-10 -6
-8 -6
9 4
-2 3
-9 3
3 -8
0 9
-6 -2
1 1
2 -6
3 -2
8 0
3 -5
6 9
4 -5
-10 4
-6 2
-5 -7
2 -10
-7 3
0 0
9 0
9 7
1 7
8 3
1 -7
3 -4
-6 0
6 -3
3 -7
-1 1
5 2
10 9
3 4
6 -7
8 5
9 -4
1 2
-5 2
-1 6
-2 -8
-4 2
-1 3
10 6
-10 2
-1 10
-3 7
-1 0
0 -8
7 -5
-7 -2
2 4
7 -10
6 -9...