100000 100000
999999999999900001 999999999999900001
999999999999900002 999999999999900002
999999999999900003 999999999999900003
999999999999900004 999999999999900004
999999999999900005 999999999999900005
999999999999900006 999999999999900006
999999999999900007 999999999999900007
999999999999900008 999999999999900008
999999999999900009 999999999999900009
999999999999900010 999999999999900010
999999999999900011 999999999999900011
999999999999900012 999999999999900012
999999999999900013 999999999...