100 100000
824263 9551287
12005011 12643245
19956180 21318040
27814642 33026339
44083116 44974993
49146410 52895588
70356952 72158129
72608426 74939465
76833397 78081362
90606690 94276321
97636988 98634894
102699638 113130616
116009049 120932993
121430435 133725565
141423900 144503014
150073936 152770270
194970294 198338697
198843749 211974606
214352673 219625985
226359560 226797677
236591723 239587137
245595688 255254383
256452541 257147690
259265562 266600162
269260489 293009812...