102 10404
26 9
45 52
5 52
4 45
78 65
86 13
30 81
20 84
74 77
49 71
4 6
11 32
90 58
27 97
86 95
97 27
99 88
76 41
2 7
4 35
10 39
37 40
89 90
99 91
81 52
59 3
87 47
68 68
22 79
28 50
71 63
19 45
48 57
37 56
55 1
59 74
74 29
101 101
82 15
73 27
8 18
3 17
88 39
65 72
52 21
102 72
73 88
95 20
23 76
22 26
88 46
66 30
79 66
73 102
11 48
98 67
43 95
60 34
66 51
11 10
2 87
82 74
23 8
30 56
26 48
69 94
88 51
82 51
72 83
49 85
96 27
23 40
57 64...