344 68761
93 339
206 117
223 143
154 182
125 183
222 342
72 110
204 114
79 113
332 339
303 69
170 335
75 62
17 202
243 45
35 266
167 71
149 11
88 200
74 124
222 23
24 289
137 337
330 178
172 245
285 84
117 118
98 327
187 84
174 267
267 302
297 13
1 143
137 74
341 160
292 197
334 137
69 219
260 37
117 234
302 91
67 189
193 91
129 138
292 43
163 273
224 290
82 25
23 328
317 92
324 86
283 252
91 327
219 342
81 213
98 301
197 59
153 25
247 250
192 64...