120 120
1 1 1 1 1 1 1 1 1 1 1 1 1 1 1 1 1 1 1 1 1 1 1 1 1 1 1 1 1 1 30 1 1 30 30 34 1 1 1 1 30 35 30 34 30 35 30 35 35 30 1 30 1 30 30 35 1 30 34 1 35 35 30 34 1 34 34 1 35 34 30 64 35 1 35 30 64 35 57 35 57 35 1 64 1 34 35 30 30 64 1 57 64 64 92 57 1 57 64 35 64 92 92 35 30 35 92 35 35 1 35 103 64 57 30 34 108 92 1
hhgbfdaiidddagdcagabbhbajhjeedccicicjdijhagcbjbecgihfjjggfhjcdfbgfaaibdhidfhjifcejfcdhihgijbdjeeagcgabgfiechccbiceghdhbi
30 5
103 3
30 5
57 5
108 4
1 3
64 3
1 3
34 2
116 3
103 3
1...