100 100
2 74
3 1 1
2 98
3 36 2
2 38
1 42 38
2 55
1 54 2
1 43 13
2 30
1 41 20
2 78
1 84 34
3 75 2
3 75 5
1 74 11
1 47 37
3 86 3
1 100 21
2 81
3 72 2
3 66 3
1 62 50
1 70 44
3 99 1
1 31 5
2 99
1 30 18
1 90 83
3 87 1
1 89 50
2 68
1 57 23
1 50 39
3 97 8
2 43
3 25 6
3 97 2
2 55
2 91
2 2
3 29 4
1 4 2
1 78 26
3 4 5
1 58 10
1 13 12
3 58 5
3 31 7
1 44 17
1 45 42
2 53
2 98
1 7 6
1 32 15
3 90 3
2 91
1 6 3
2 17
1 53 14
2 97
1 64 25
1 19 16
3 15 2
1 29 14...