100000 100000
1 10718 3377
1 17493 16629
2 30982
3 13579 1
1 4423 2219
3 59056 1
3 33448 1
1 78417 1176
2 82032
3 42977 1
1 84158 4575
3 82066 2
1 63758 45679
2 91052
1 44644 903
1 97751 38572
1 28262 5371
3 79247 3
2 38675
2 51795
1 90577 71104
2 96814
2 84667
3 98462 4
1 67935 18746
3 82857 6
3 35641 6
3 79183 4
3 85076 7
2 77585
1 67017 48653
1 66486 11930
3 51014 7
1 77417 39437
3 98164 6
3 43126 8
1 75581 43248
1 99908 79468
2 41505
1 97673 11705
1 84976 32848...