253366164
629797938
554109812
545382268
322512238
890927725
125524553
849920208
412119383
756686331
993518592
463317123
299847581
489087573
425354765
964510673
974334925
382164917
719895640
166434498
87706078
74301554
476867702
439330287
430046731
270982846
665008536
221407261
979694204
431837838
42979955
270748800
83260290
975902173
486995878
212431088
319367698
559100157
779179005
934884466
600146959
978009411
410726173
389593523
64606468
254036859
954027575...