94475 14 100000
910425
265050
494778
803558
948550
910836
79380
118720
94465
512828
757925
130424
145320
689915
352437
435736
767944
407626
869111
262652
671913
610808
196497
735517
760470
985175
928501
658531
224192
193586
19351
507121
641834
533957
25408
383162
960781
683036
81590
52117
702345
306764
623460
60076
844544
541906
457150
548811
500213
194092
291348
915132
462852
535601
49568
390269
173802
458892
249401
30551
482967
386669
801465...