632796627
934302721
92640829
521666735
922005701
261549535
862256912
303189465
758216278
85115821
792604142
267217487
222209892
97384564
749981254
507183148
361567538
17748390
286780312
605857874
369260567
740938349
812775325
377627282
177402703
435445374
756361555
781605686
989391649
559686630
840758148
884085693
885006603
307517065
540645260
91039178
849747278
895886305
931276440
609301970
115591457
487181300
452759810
754288346
845250259
262606394
374366111...