64488 24 100000
485232
730771
901227
727193
635873
880009
209785
232759
542424
411450
532405
323570
426976
933300
36801
301163
812574
456228
758516
888304
80448
202880
322332
887685
653625
862107
823188
621419
224770
92838
521635
259692
832286
704512
138746
201528
87858
821607
226127
277497
653674
58859
240370
973621
135280
340720
335520
54212
872280
841747
183388
576469
187117
457992
741285
64007
194581
47046
63102
154450
731016
340202
100568...