898541046
444078702
548925528
335522607
551131940
373477301
262046798
511543003
676429143
108888702
649323015
313640827
22487139
940207294
85772098
948270102
662271316
27474959
948376694
353396515
664822951
490245604
345929203
531993936
500096488
55782547
417073115
821916904
397345445
439644873
732297288
397093934
226725366
795166821
162797537
579920700
951664499
449261731
929477783
311939698
203402782
934801243
61511387
331541516
605833928
553572622
854294833...