69028827
215937170
872303254
895440719
577420972
782908956
557676655
914117695
394711516
52955538
376430033
789913390
565724721
239670027
266798143
380292974
654771634
621020319
140347761
475557880
500911905
565501580
472566819
464292382
651914241
464081162
706938677
12627384
325432784
983987454
574935114
211184535
987869562
46728552
62527751
240155792
321489170
762972778
714242742
415465957
414760922
791286177
663628247
146949262
104448058
836472656
209659764...