59360 54577 97019
892148
514145
618127
561532
171280
290140
847234
29491
366054
104234
658691
446593
452065
625274
72336
929783
813807
67873
51690
195404
351172
884568
931414
962266
522006
684922
802908
28830
493602
137287
959435
171451
612326
150436
358835
409976
904677
192473
3561
575613
291750
374609
55622
29978
29877
338717
642025
871809
401953
935922
338864
370183
715004
855014
506883
528807
171423
238135
598410
58814
935779
399044
426353...