68230361
122108812
593553150
279442022
324786034
330392059
827846609
491045117
450304124
803162045
508455039
782897266
392193299
807814217
785112302
201672791
994526096
4367864
521732489
498745575
398628392
367190639
675381104
553532602
241583475
468013342
264429970
900013922
347657201
163590490
714956948
280316255
614581237
113647029
62902707
724251750
997589404
410042526
811305653
482387615
894964044
363451561
446977402
90790430
772867747
420580052
690144720...