402978480
342027867
309569474
537411041
840328546
978868388
305677555
809020660
39224435
504675091
710079718
305252373
890078027
225310242
590193730
42103285
431163573
103319833
554631440
182247642
689575439
332356794
902889166
550707451
460549016
507915536
365579298
255637636
291290706
451695946
331546601
653215117
662092322
647711914
959921299
13811802
45582812
111583557
329296054
464279895
54396204
267623804
510399034
207040897
825042691
292931829
732769204...