93779 6 51545
787072
131417
494788
88033
248620
661933
315639
635255
576549
600920
735045
786042
636043
759825
30439
625355
313746
195269
362282
269057
250881
17174
379185
350119
224243
449751
683760
136060
23704
117522
72435
82097
721205
290434
694805
496047
520096
602521
363594
191695
174277
504379
367189
563871
744804
159681
759762
723172
868304
758392
614702
999890
132081
782495
860393
688534
909059
234540
24859
706061
955093
354504
986285...