427731218
745534755
116485169
397925583
135293665
772599433
224874747
791860489
109874397
257153446
598910184
172615147
505076646
339679144
633208794
21634896
47932051
934875485
313647227
801484233
638405533
437597800
730120237
130536982
563908199
550663102
569889057
714455702
850942319
104190955
925500971
597221239
661056407
412498933
71812787
38492095
488183250
906813788
974695930
966738472
674987343
231837405
41396346
490306512
300703867
180113755
144306527...