308707283
519292565
335147935
53787237
301600010
897362092
8254606
471608983
808137695
306014525
466058552
570842083
190265944
267052062
485290124
620491651
188462818
71447896
958455540
552122458
905828495
325747838
825547203
367187083
900102470
143898007
219530719
683491579
515287509
504373798
25676662
938595804
326245189
598483942
527485103
713840360
821420272
853335445
360916839
514986724
279025621
222966476
973460826
943532125
490445647
304116838
994369960...