172904311
203721609
829429438
745304462
814403959
366713011
543898233
18703656
491413327
901240272
156143780
898244927
339446083
421138169
425337641
86467016
868982505
575729827
692649147
951494383
267496419
819581060
469616914
738060335
240846866
291686736
59832066
146171123
239351493
613963678
257008958
943683140
102369362
86990472
612888141
619455050
871614516
868850775
47271702
266655063
998289303
583235574
982786952
623138611
794606345
812991946
348700311...