90569 59905 100000
210576
707056
468015
320760
199827
626253
103636
810100
590589
115627
196560
359091
518555
36749
906464
5630
831861
400800
718550
198814
285915
802984
245056
214928
285851
157278
697804
704762
561198
402906
153761
680535
934796
714220
334654
149184
44400
551353
778014
233898
949908
727362
873750
414352
770528
435810
410767
446140
359455
413504
823050
713658
217847
782882
470063
221881
467353
131887
374822
344938
850875
971069...