99680 2 100000
506142
432262
968688
396060
722922
669397
64294
591404
631854
961590
151518
67782
612013
931766
71586
422230
689952
158070
628929
463654
781695
638557
580580
30465
991014
816760
87764
303609
92368
960080
657308
629793
914336
605822
830499
925329
569737
717412
775024
705800
291726
292413
163238
786700
830368
941609
270480
840259
880716
947440
149723
89365
420918
763275
865317
115528
297186
399152
508871
227920
779876
99364
352503...