975204824
945136272
229191770
547279936
581014905
246589618
999531624
802109127
607423431
51389007
232422861
42158404
256171315
276450694
522308090
758588111
622019215
983579781
409234086
100484279
45769768
734816032
622077185
70235900
827243911
279025006
288890681
253457005
586890285
736353482
612421655
94521102
567666288
229999923
743903782
736504395
339893223
356166460
526856830
811846119
244976791
385621835
576208181
869788775
915454242
448447348
450882869...