93832 10 100000
924408
215660
505288
901320
367724
85600
586377
325344
627714
624088
6728
803553
185273
564860
468105
41199
612268
623450
491130
826092
266653
416800
974048
318681
560358
757165
9772
536008
111540
685315
833206
36738
627900
306383
318060
409057
895538
147764
903840
468800
907700
589910
579412
273603
96900
159915
760244
972934
793056
387228
808510
849720
657305
293390
535904
406295
838947
285940
760708
700489
402382
153438
19360...