58513 100 100000
664428
193028
156762
958040
744952
458950
980016
710244
873237
637306
173719
61506
437651
868530
249809
141825
477099
800940
766484
797082
937040
929840
226967
501370
606338
234192
364776
406153
127360
153232
292592
662739
181563
537326
175308
821610
902464
259610
484374
202770
799300
544340
932713
357808
413697
314592
673520
881760
740684
134823
398636
316316
732295
862235
837984
234194
654368
720867
85164
971210
618500
154973...