999 100000
280 521
446 270
831 696
451 255
744 517
318 48
542 243
687 22
220 832
227 507
280 245
766 590
234 280
384 27
296 602
166 524
598 113
577 618
197 755
743 472
843 163
117 576
970 710
317 446
561 638
310 572
934 311
737 479
637 825
942 788
310 456
23 637
858 146
649 269
969 682
760 12
965 869
32 435
39 165
458 447
934 23
51 190
606 687
231 723
173 772
404 945
466 787
149 844
260 632
19 561
482 963
301 206
58 851
14 143
11 262
479 907
954 413...