666 100000
406 504
141 115
272 529
481 664
240 168
366 92
507 590
338 248
335 319
166 121
166 343
57 443
280 310
471 271
100 618
250 453
502 490
432 323
235 37
122 387
630 302
334 456
13 285
248 274
494 418
618 625
369 100
440 411
280 25
212 28
141 403
441 105
462 514
257 327
349 567
532 650
317 655
262 139
95 365
465 581
160 481
181 22
176 21
486 378
20 301
256 404
404 251
617 501
255 346
451 655
379 231
547 121
194 205
74 258
349 507
267 254
4 302...