30 190
10 1
22 2
18 19
3 27
30 5
10 14
22 20
20 19
26 2
21 2
7 3
24 3
1 28
10 27
4 19
24 18
3 19
4 13
4 25
16 23
28 26
23 12
9 22
23 29
23 21
2 1
7 20
5 22
20 27
17 10
5 14
10 16
27 4
6 20
28 12
10 13
23 27
15 28
5 27
24 9
19 5
10 15
15 5
10 26
3 17
13 9
2 30
26 18
17 28
5 29
11 5
2 25
30 28
16 20
23 19
18 17
9 30
26 4
5 26
12 10
14 3
23 6
6 10
7 28
15 20
23 26
11 3
20 13
28 25
11 9
2 29
8 20
26 9
1 23
5 6
3 12
29 4
30 23
14 18...