1098 99796
268 375
805 712
6 449
75 767
138 1028
702 114
1069 755
583 437
914 315
1097 114
617 489
552 1069
738 751
139 924
178 1032
395 412
43 1028
585 131
207 132
625 585
527 290
867 206
1020 764
800 365
374 877
342 286
736 489
35 985
216 524
72 1068
618 437
706 551
73 105
158 335
1078 752
715 460
881 702
34 758
875 139
238 1021
798 210
136 18
232 127
800 784
623 1092
430 437
502 348
349 1016
995 1059
996 749
530 25
595 467
712 1031
123 268
372 1028...