99 1000
25 26
96 30
87 66
20 35
3 43
52 29
44 60
62 52
65 67
72 50
93 61
84 74
61 47
95 53
47 77
44 81
85 72
40 59
43 4
34 93
63 18
84 23
88 12
74 62
77 10
17 20
34 76
36 76
43 22
34 29
50 17
92 15
42 26
69 82
11 30
19 3
86 66
36 10
18 54
58 70
80 74
15 31
72 25
90 8
21 89
91 57
57 4
94 90
13 73
62 81
27 26
21 94
22 5
82 11
92 51
60 28
24 83
13 35
71 61
16 73
88 18
17 62
6 91
78 36
32 35
27 17
43 85
10 96
48 2
80 15
22 74
47 74
66 76...