99999 5986
17 13448
17 68138
51 97246
65 20926
75047 110
120 84867
129 64129
46650 146
93037 154
183 63927
67188 187
198 92727
204 73197
212 23220
214 14781
223 94062
245 46476
248 72765
262 83721
29903 277
282 89169
29516 288
318 37213
5867 334
48637 339
360 45897
380 25367
35785 384
390 13400
50314 416
424 9172
36093 427
456 64967
23303 492
26973 534
12204 565
56860 587
587 87485
34863 597
603 84536
87503 629
98680 682
689 41520
701 96729
75924 718
18964 843...