63 513
18 48
63 42
18 52
55 34
40 39
28 55
33 1
41 30
36 31
4 51
9 42
11 62
42 5
53 31
33 30
55 35
12 38
53 2
60 40
15 33
29 20
26 10
38 11
56 30
12 50
1 39
46 49
49 16
57 12
63 51
1 56
38 2
59 36
62 41
47 46
27 14
11 26
13 15
39 48
26 56
17 60
53 42
58 31
49 18
29 44
8 45
13 58
49 33
40 41
12 15
49 7
16 63
9 46
42 47
31 62
36 46
7 19
56 58
58 33
25 46
13 48
39 34
10 63
60 21
14 26
62 32
4 20
22 41
60 35
44 61
24 6
31 47
42 37
52 51...