15 2 149
54 1 1 1 0 0 0 1 1 0 1 1 0 0 0 0 0 0 1 1 0 1 0 1 1 0 1 0 1 1 1 1 1 0 1 1 0 1 1 0 1 1 1 1 1 1 0 1 1 1 0 0 1 1 0
104 1 1 0 0 1 0 1 1 1 0 0 1 0 1 0 1 1 1 0 0 0 1 1 0 0 0 1 0 0 0 1 0 1 0 0 0 0 0 0 1 1 1 0 0 0 1 1 0 1 0 0 0 0 0 0 1 0 1 0 0 1 1 0 0 0 0 0 1 1 1 1 0 0 1 1 0 1 1 0 0 0 1 0 0 1 0 1 1 0 1 0 0 1 0 1 0 1 1 1 0 1 1 1 1
3 0 1 1 22
5 0 0 0 1 1 24
5 0 1 0 0 0 20
6 1 1 0 0 1 0 18
12 1 0 0 1 1 1 0 1 1 0 1 1 34
6 1 0 0 0 1 0 19
7 1 1 0 0 1 1 0 6
1 0 28
13 1 1 1 1 0 1 1 0 0 1 1 0 1 1
8 0 0 ...