0 2
29 0
0 2
29 7
0 20
22 25
0 2
0 2
0 2
0 2
30 0
11 30
29 0
18 27
0 2
0 30
14 27
0 2
0 0
3 30
3 30
29 25
0 2
0 6
30 0
29 11
5 30
3 30
18 29
29 0
0 2
9 27
24 0
0 2
29 0
0 30
26 30
30 30
0 3
29 17
0 2
29 19
11 4
30 0
29 0
2 21
30 9
22 0
25 0
29 0
29 0
27 0
28 0
0 23
30 5
0 0
0 2
29 23
0 1
29 0
29 0
29 0
0 1
29 0
29 0
0 2
29 20
18 4
29 0
0 2
0 17
22 30
30 3
29 0
30 0
0 21
30 1
0 2
29 0
29 0
0 24
0 2
1 2
0 21
0 2
30 27
1 22...