50
46 94 82 89 18 4 74 14 21 75 42 0 51 89 75 62 19 65 32 100 45 54 47 74 72 35 39 89 25 35 18 46 87 74 11 22 88 52 47 98 69 71 37 34 8 6 42 76 2 27
100000
6 19 1
37 39 1
2 11 2
5 11 4
30 14 4
6 19 3
8 16 4
44 10 4
10 36 1
1 36 5
15 50 2
20 6 4
22 48 3
44 2 3
41 48 2
14 16 1
35 31 1
39 45 2
17 9 2
9 17 4
13 36 2
1 47 2
23 42 1
37 41 3
32 30 4
40 49 4
45 10 3
14 14 2
28 32 3
28 4 3
6 30 1
38 18 2
31 19 1
37 46 4
17 38 4
20 24 2
15 34 3
9 3 5
49 16 1
11 25 2
23 1 2...