50
88 61 32 3 1 0 76 44 74 49 16 29 62 23 41 68 100 33 43 25 94 73 11 25 92 60 11 66 83 15 38 99 9 16 14 76 11 53 97 76 91 84 4 50 56 19 71 75 80 2
100000
15 27 3
49 23 2
8 5 2
19 45 2
38 1 1
33 38 5
27 2 1
34 10 2
1 26 2
2 20 2
27 50 4
35 36 1
32 23 5
28 7 1
30 16 2
44 32 1
31 22 3
41 12 4
13 21 4
41 24 2
7 34 2
34 32 4
13 2 3
13 15 2
20 23 1
45 34 5
49 38 5
18 19 4
43 6 4
23 42 4
35 1 4
41 7 1
15 15 1
44 42 4
35 13 2
9 10 2
22 16 2
5 34 2
22 40 5
12 7 2
42 46 4...