50
6 10 5 3 0 6 7 6 10 6 4 9 0 0 9 5 1 3 7 4 3 0 6 0 1 3 4 2 3 4 9 8 3 9 1 0 8 3 1 4 7 9 3 4 10 4 10 10 2 4
64728
12 32 3
42 9 2
49 45 2
26 15 3
40 2 1
18 20 1
20 37 1
25 47 1
41 30 4
37 44 2
1 45 1
2 29 5
37 17 4
23 45 5
48 6 1
2 15 2
12 29 1
28 12 1
48 43 5
12 13 4
29 10 1
37 29 1
46 35 4
48 50 4
29 49 4
23 35 1
44 28 3
29 7 4
12 41 2
16 45 2
10 10 1
37 14 2
32 41 5
13 4 1
31 16 1
21 11 3
15 24 2
41 46 1
16 25 2
33 41 1
17 39 2
39 16 2
7 27 4
31 29 2
31 1 3...