4.000000000000
5.000000000000
5.000000000000
5.000000000000
5.000000000000
5.000000000000
5.000000000000
6.000000000000
6.000000000000
6.000000000000
6.000000000000
6.000000000000
6.000000000000
6.000000000000
6.000000000000
7.000000000000
7.000000000000
7.000000000000
8.000000000000
8.000000000000
8.000000000000
8.000000000000
8.400000000000
8.400000000000
8.400000000000
8.400000000000
8.400000000000
8.400000000000
8.400000000000
8.400000000000
8.400000000000
8.400000000000...