47 46
50982873440200877073923 47586881561360156422409719633028
36351 625159959025063586611
8588161348845 8422623864381302004101586
3048205459742956264832921 782052445682468607819532251896514169512
884 624848351569477099580
404261862450126 154513431282841169430042371366117017550747
6 41
9929556771 6874981368067401400181273109309589417554388338
81434689215602947253 9109274411254663109179514
35693620430437 929650295853125732
67 83267740825
8764687945 23362827956
8620179932347260187306975325984653...