11 16
dabacaacaabdabba
cdabdbcccdcbacdb
babbabbbdddabdbb
ccddcabbcadccccc
caadbcdaacdcabac
aaabaadabccacddd
ababaaaaacbabaaa
acadaddabddcbadb
cbddacaabcbcbddb
cbcbcdbdabdabbac
bcabaabdbcaaccad
583037 247252 490331 221958 638538 648177 546312 230653 48712 762592 850678 170343 717801 651867 436480 658394
349819 385771 531767 745419 450791 721130 963482 15497 686789 643153 295438 276195 464085 73029 90 521872
264021 885880 566262 662257 690022 127064 853220 461950 57991 767614 789508 394166 6802...