626578950 100000000 9 100
3 537273515
1 345949885
1 -75257947
3 717521786
1 437547132
2 91024543
3 -4
2 269874715
3 179735338
270929239 218376833 550797301 236820140 288431999 1974106 462809676 487907293 178121245 236849159 516019262 196265179 49228349 308703132 492721694 249732470 369127907 17995396 523256775 517147696 58656845 392199902 112469204 515856939 90797090 574292360 301964102 317066285 409085083 380167550 504045037 536770412 157925163 0 387709045 597567307 232107142 381140824 296571605...