14906406 0
8578367 0
322796090 0
71702365 0
52499207 0
273528844 0
47644495 0
268363738 0
73899271 0
23713864 0
375831028 0
25418712 0
348862194 0
333088723 0
7409724 0
126203803 0
179264930 0
97387614 0
347295012 0
248398496 0
279114488 0
241275473 0
205504 0
311883628 0
282980364 0
88222261 0
66399610 0
197611022 0
19652453 0
18878745 0
376460409 0
92959267 0
330876704 0
109207008 0
352918334 0
149472403 0
11599487 0
294916169 0
171392518 0
353907643 0
231241312 0...