15000 5000 500 10000
1 -6762077
2 -36686356
1 -24195940
3 -80557131
2 -59673454
1 -16301656
1 -59208855
3 -88337838
2 -86906256
1 -72505616
3 -63232372
2 -16028476
3 -84089820
1 -8688096
3 -1875033
2 -88797786
2 -47798936
2 -20966842
3 -42017892
1 -7186961
1 -38617800
3 -96449338
1 -70796058
2 -68778560
3 -63430695
2 -56481645
2 -39912722
2 -52745309
3 -70996025
2 -99978368
3 -63566442
2 -87532808
3 -66535060
3 -83638642
1 -64828283
2 -27321302
3 -48023278
1 -68583320...