1000000000 8484 200000 200000
3 220177188
1 -752161461
1 654578290
2 265201908
1 -351733189
1 695930931
3 -421644284
3 -914400111
2 -195630765
3 535160781
1 93546790
2 -517075997
1 872633978
1 -91997476
3 700644746
3 -628915774
3 599906971
2 -378792146
3 581388875
1 515983189
3 142629249
1 929015720
3 -468436787
2 -870178689
3 816974201
2 162575207
2 -351057027
1 217666213
1 22394304
1 644321060
1 -352017839
3 -47671750
3 -648537382
2 -202815980
3 -900317319
2 790726831...