0
51068528433904205
16868648120296409
12005916742561364
15053938838013258
13881831384368220
10028685795881883
31640689237870740
17515734714466012
18943505850911863
60725149419701776
29657617126715195
41901796911001928
14264827897282421
6280548328305848
40491629516935474
26736377911278729
12420598823948154
76860244502676013
7519487699745674
1726611935770909
29644920190020079
58212594943043842
18132679818423621
19695122700332779
4922697459186304
36471871168587512
32745810907182723...