252
325
377
393
40
105
61
230
312
361
131
86
193
408
69
168
260
159
95
209
212
185
130
86
141
134
202
50
96
115
158
128
213
270
42
230
300
23
302
114
226
186
320
54
207
300
47
226
216
302
223
72
191
307
144
186
103
95
341
44
422
116
418
236
74
101
113
113
258
240
286
154
231
364
175
247
86
175
233
39
60
348
50
291
108
99
182
84
104
255
185
406
185
32
217
211
248
141
143
60
16
286
230
110
92
96
83
241...