39
403
430
43
379
219
129
68
82
155
73
64
186
229
260
315
58
77
127
434
148
64
176
524
166
48
40
116
292
153
458
282
80
126
24
80
507
140
193
171
368
166
480
351
147
305
228
126
442
364
114
186
42
151
73
68
101
160
168
73
400
68
143
219
158
127
305
46
104
439
88
70
76
111
154
72
131
292
120
87
278
75
344
260
426
75
70
279
259
373
373
111
160
287
36
209
244
170
137
294
112
295
32
83
65
296
467
405
95...