54043195528434461
54043195528434633
45035996273694254
54043195528433757
27021597764215555
27021597764217106
18014398509478057
45035996273696846
45035996273696887
36028797018956837
45035996273696255
27021597764216561
90071992547385512
45035996273696914
45035996273692881
72057594037910484
27021597764215846
72057594037914300
45035996273695150
54043195528431309
18014398509478033
27021597764216237
45035996273693181
54043195528433133
90071992547392879
54043195528435694
9007199254739115...