349
274
383
746
936
904
861
295
785
145
584
776
914
514
51
425
120
841
162
582
525
776
216
813
614
725
87
74
100
426
775
288
367
409
242
141
892
977
161
731
712
789
863
18
465
966
222
412
743
835
29
497
659
554
714
846
869
852
527
934
579
846
659
110
84
999
206
357
144
422
405
678
162
432
355
313
303
301
799
507
616
848
330
706
172
745
798
920
672
612
243
312
137
86
180
35
207
324
145
273
729
454
320
617...