349
274
470
833
1052
1020
745
411
1546
145
1345
1537
153
514
-710
1186
-641
80
-512
1256
1286
1537
-545
52
-147
1918
2440
1984
-1530
2056
-855
-1881
2290
409
-1681
-1782
892
3033
2724
-2149
-1743
3767
-1287
-2960
1976
-1373
1610
2676
-1014
2424
-1560
-1875
-852
1719
2471
3437
118
630
1293
1432
-187
-1112
-1800
-859
2107
2702
-1156
-353
313
591
1255
-172
286
1142
-614
-1350
1272
-173
-838
-2193
-594
295
-1474
127
3286
2449...