455
323
952
1324
-597
1702
120
945
-427
557
1551
1325
848
2445
-1100
2038
553
384
1996
188
-286
56
260
543
-37
1909
1583
-605
1068
942
878
-163
-1123
1426
1089
1645
3067
1897
1354
-857
-1171
-1274
-520
-1353
-981
-1175
1646
-1655
-583
83
-263
-2069
2002
1837
-315
-1596
1932
462
-355
654
1360
562
-2207
2675
1004
-346
-344
-1107
-921
3064
904
1936
-1018
3740
652
2430
3406
-1150
-2363
-765
752
2305
2763
444
-2395
2115
-1214...