340
714
967
-548
106
545
1679
322
1975
851
126
166
297
2469
-343
1383
-735
3355
3674
126
3449
-2239
-2805
2344
393
3450
221
-2098
2669
2368
-842
1569
1637
-1496
1
-2238
1848
2646
5155
3734
-3852
3778
2970
-2082
-4530
2129
-1340
5073
-3784
2522
2012
-6207
-5104
-3120
6865
891
-5534
-6263
5714
7776
-5772
-5792
7460
-4385
-7889
-330
-926
8491
8260
-7373
1266
-4090
-8610
-560
-8473
8947
7580
5389
9260
-432
7616
-7394
9468
-7030...