858
848
591
530
904
506
824
573
989
841
239
540
677
670
974
701
677
103
392
817
81
230
906
268
726
801
859
811
948
264
66
292
500
328
186
762
592
159
624
421
99
614
546
923
875
901
628
829
364
762
1012
-99
840
607
613
421
622
27
662
746
264
8
988
449
464
354
92
352
339
779
-941
713
167
586
378
435
983
121
777
750
1165
532
1694
335
933
667
163
779
574
1134
698
25
832
579
737
868
129
159
395
1562
782
-3
903...