100
41 940
4 903
49 948
9 908
39 938
48 947
42 941
51 950
5 904
20 919
97 996
12 911
15 914
29 928
76 975
13 912
59 958
51 950
81 980
45 944
65 964
57 956
12 911
83 982
12 911
26 925
40 939
34 933
93 992
48 947
8 907
71 970
8 907
68 967
92 991
54 953
60 959
58 957
25 924
15 914
90 989
83 982
69 968
43 942
9 908
82 981
73 972
94 993
16 915
38 937
69 968
43 942
33 932
100 999
12 911
68 967
46 945
78 977
29 928
41 940
77 976
10 909
69 968
36 935...