5915 1
9474 1
2825 1
3381 1
8809 1
4193 2
9229 4
8147 3
3185 1
9921 1
2815 1
9124 2
9595 2
4349 3
6025 1
8781 2
8725 2
9170 1
1588 2
6697 3
8983 1
8449 2
6599 3
4328 1
7466 1
5824 1
8965 1
8285 3
9117 4
9590 1
8233 1
8488 1
6826 1
8633 2
8465 3
9672 2
8938 2
9217 2
5229 1
8090 2
7923 1
9647 3
4944 1
7553 1
9738 2
5452 4
7161 1
5260 1
6593 1
5733 1
9513 3
6442 1
2719 1
6533 1
8964 1
6303 2
6108 4
8501 2
9976 2
6949 3
7885 2
2636 1
4931 1
9171 1...