16 1
13 2
13 1
17 5
14 5
14 2
17 4
20 1
17 2
19 1
15 1
15 2
18 2
8 1
13 1
13 1
14 2
21 2
16 1
19 2
7 1
13 2
18 2
21 2
2 1
21 1
19 2
21 2
21 1
21 1
16 3
16 3
15 1
18 2
11 4
21 1
21 1
4 1
17 3
9 1
20 3
14 2
14 1
6 1
21 2
20 1
20 1
17 1
13 3
17 2
13 2
19 1
16 1
20 2
11 1
16 3
16 1
19 1
16 1
20 2
14 3
9 1
20 1
16 1
20 4
16 2
7 1
20 1
16 2
14 1
6 1
11 1
4 1
14 1
10 1
15 1
20 1
19 3
11 2
16 2
17 1
15 1
17 1
13 2
21 1
18 3
18 2...