100 100000
33 83 56 66 41 83 70 15 13 92 71 66 30 59 92 24 12 35 32 60 74 28 25 89 31 13 48 29 22 47 76 79 30 27 55 82 14 59 67 63 2 60 65 70 51 25 30 17 74 90 12 88 61 93 29 34 73 25 60 38 78 53 25 91 85 1 89 97 44 9 91 11 48 83 51 11 13 52 26 27 29 91 52 99 78 33 64 28 83 71 75 14 78 34 73 71 88 53 18 21
0 89 63
0 95 9
1 2
0 64 100
0 89 76
0 50 18
0 82 21
0 15 95
0 71 23
0 91 58
1 70
0 55 98
0 3 58
0 97 100
0 27 56
0 60 73
0 33 38
0 48 79
1 75
1 75
0 3 42
0 57 96
0 30 73
0 39 93...