100
177
82 49 24232
8 4 876
91 100 814
54 21 19
72 46 36913
26 52 80003
56 93 419
13 37 638
34 79 86218
69 42 6
98 61 17710
66 52 360
78 7 29464
89 33 85402
23 75 30989
100 16 694
35 36 924
37 74 62491
72 95 183
77 30 873
65 26 874
93 40 680
9 61 508
42 70 97332
19 71 63773
80 25 717
96 63 970
7 85 770
55 70 29
26 14 233
43 11 79515
22 54 44
76 3 586
93 86 61231
56 72 15810
49 37 40289
35 53 52625
71 27 135
87 6 45273
10 55 344
3 24 26312
16 69 24491
85 63 78588...