1000
1661
61 528 929
724 480 523
667 139 24520
633 328 20174
165 521 39664
956 926 162
42 715 526
273 111 925
828 362 329
148 15 19781
921 400 357
945 696 740
348 9 729
505 820 426
158 194 7155
901 131 76111
121 22 891
500 19 146
749 277 869
793 857 363
215 651 47645
377 209 37455
320 474 90
726 408 293
460 566 427
465 598 5785
534 922 1987
336 123 271
315 559 46708
736 944 39739
136 928 32664
759 148 8432
510 916 942
848 486 26
807 682 48801
855 419 21965
988 993 632...