32057848
-1
32057848
-1
-1
32057848
32057848
-1
32057848
-1
32057848
-1
32057848
-1
32057848
32057848
32057848
32057848
32057848
-1
-1
32057848
32057848
32057848
-1
-1
-1
32057848
32057848
32057848
-1
-1
-1
-1
32057848
-1
32057848
-1
-1
-1
-1
-1
32057848
32057848
32057848
-1
-1
32057848
-1
32057848
-1
-1
-1
-1
32057848
32057848
32057848
-1
-1
-1
-1
32057848
32057848
-1
32057848
32057848
32057848
32057848
-1
-1
-1
32057848
-1
32057848...