1234
2393
403 438 417
301 149 264
169 732 480
505 1106 724
579 1019 4516
822 283 75787
794 1071 40814
839 943 76085
1051 1191 538
56 401 257
552 476 74147
673 825 37974
143 991 14680
16 780 83
528 393 15791
399 1035 687
811 1008 925
1065 752 48973
739 623 530
322 914 20710
152 826 405
707 298 707
1087 435 42438
971 728 34
820 1148 240
274 610 315
652 649 263
818 809 429
142 723 67082
351 145 31815
1099 1098 78215
1060 1204 42288
1086 74 75800
83 749 33449
821 1034 19004...