10000
13475
5326 377 104
4034 6866 386
2959 6174 704
6909 2905 314
4959 9202 24
628 7972 292
5652 8507 1580
1753 8329 631
4465 6748 809
257 2013 8087
6099 2084 704
2521 2699 1553
2341 2768 460
6410 1142 43405
1807 3911 460
9916 6274 209
3498 3726 77979
3453 5331 45
8661 1783 82947
5951 8348 968
8837 2359 905
1447 538 31
7497 5210 825
6146 8023 895
7554 8857 13
3564 285 236
2593 886 737
7759 3678 530
7102 1554 78668
1657 7255 41
8757 9902 80787
1748 4462 268
406 7491 29496...