-1
-1
3631008999
-1
3631008999
3631008999
-1
-1
-1
3631008999
3631008999
-1
3631008999
-1
3631008999
3631008999
-1
-1
3631008999
-1
-1
3631008999
-1
-1
-1
-1
3631008999
-1
-1
-1
3631008999
3631008999
-1
-1
3631008999
-1
-1
-1
3631008999
-1
-1
-1
-1
-1
3631008999
-1
3631008999
3631008999
-1
-1
-1
-1
3631008999
-1
3631008999
-1
3631008999
3631008999
3631008999
3631008999
3631008999
-1
3631008999
-1
-1
3631008999
-1
3631008999
3631008999
-1...