-1
-1
3642857474
3642857474
-1
3642857474
-1
-1
3642857474
3642857474
3642857474
3642857474
3642857474
-1
-1
3642857474
-1
-1
3642857474
3642857474
3642857474
3642857474
3642857474
-1
-1
-1
3642857474
3642857474
-1
-1
3642857474
-1
-1
3642857474
3642857474
3642857474
-1
-1
-1
3642857474
3642857474
-1
-1
3642857474
3642857474
3642857474
3642857474
-1
3642857474
-1
3642857474
3642857474
3642857474
-1
3642857474
-1
-1
3642857474
-1
-1
-1
-1
-1
-1...