-1
-1
-1
-1
-1
-1
3877734274
-1
-1
-1
-1
3877734274
3877734274
-1
-1
-1
3877734274
-1
3877734274
-1
3877734274
3877734274
-1
3877734274
-1
-1
-1
-1
-1
-1
3877734274
-1
-1
3877734274
-1
-1
-1
3877734274
3877734274
-1
3877734274
-1
-1
-1
-1
-1
-1
-1
3877734274
3877734274
-1
-1
3877734274
-1
-1
-1
-1
3877734274
-1
-1
-1
-1
-1
-1
-1
-1
-1
-1
3877734274
-1
-1
-1
-1
3877734274
3877734274
-1
-1
-1
-1
-1
-1
-1
-1
-1
-1
-1
-1
-1...