10 927
100 758
100 828
887 100
676 100
705 100
587 100
247 100
100 86
10 963
100 28
414 100
100 251
647 100
100 199
265 100
100 174
372 100
100 724
842 100
100 810
100 692
608 100
100 623
310 100
100 708
10 959
834 100
100 290
421 100
100 77
680 100
309 100
100 145
699 100
100 61
100 275
100 771
206 100
168 100
100 161
100 113
749 100
100 268
90 100
100 46
100 778
497 100
100 612
222 100
341 100
100 314
100 739
100 361
100 743
100 912
100 551
965 10...