42896 10000
10000 127176
127273 10000
105759 10000
10000 135544
13634 100000
10000 121405
100000 12975
106832 10000
101200 100000
10000 19564
10000 131052
10000 16204
10000 121759
10000 126210
10000 32063
126292 10000
126278 10000
10000 106990
14752 100000
58304 10000
105682 10000
100000 100159
10665 100000
100000 101398
1000 84817
10000 107983
107319 10000
59614 10000
10000 116603
104759 10000
10000 108795
117704 10000
114769 10000
108146 10000
10000 42300
10000 103819...