32309 100500
93698 3160 1 1
89455 6984 1 1
51826 17809 1 3
26695 32458 1 1
2493 84699 1 1
33704 3791 3 1
56944 26756 1 1
64389 33183 1 1
10448 73545 1 1
59502 21703 1 1
28968 69798 1 1
19511 71085 1 1
58966 3510 1 2
66684 13945 1 1
29378 9049 2 1
99919 156 1 3
24928 19227 1 1
65483 34174 1 2
51845 138 1 3
71926 21492 1 1
18621 77350 1 1
59750 7964 1 1
79322 11756 1 1
87043 6327 1 6
79171 16334 1 3
41099 42101 1 1
68189 14944 1 6
64867 11120 1 1
65951 13712 1 1
40572 17631 1 2...