50 100
85 14 42 258
26 5 23 167
95 5 39 96
1 32 28 307
78 18 40 37
22 55 4 46
38 10 7 434
81 2 3 405
21 48 6 350
42 1 53 406
51 29 55 238
66 3 23 237
23 40 8 279
57 20 53 94
99 1 58 73
24 26 1 14
31 22 23 366
79 4 4 375
31 31 6 48
95 1 25 300
89 6 27 26
44 39 44 396
24 7 27 166
67 31 30 378
50 27 52 190
93 1 2 74
77 9 10 274
25 29 1 354
96 4 3 120
17 19 57 177
87 9 50 266
56 4 24 274
77 11 53 63
40 58 21 259
85 9 51 71
65 25 23 388
49 24 8 324
51 4 22 373
75 13 37 11...