99999 999999999
549913162 1 3 3520
735892670 4 5 4276
916322144 1 4 2476
984595570 4 4 1786
631855899 3 3 4024
953925539 5 4 2908
545431364 5 5 978
654080894 5 2 2246
358388333 5 3 3981
195808708 2 5 2594
697778175 4 3 2454
974807814 1 5 3709
374516623 4 5 3228
701803384 4 3 239
171345036 1 3 2093
449038136 3 5 3690
587884650 4 2 4142
682819996 3 2 2301
886513233 2 1 3283
604865290 1 2 20
948048177 2 2 681
216810568 2 2 3015
656795631 5 4 3297
282885499 1 4 1369
488253133 2 2 4302...