100029
99950
99996
100001
99968
100004
100009
99930
99946
100023
100019
99976
99976
100027
100001
99966
99975
99964
99981
100067
100022
100022
99993
100012
99942
100055
99984
99989
99925
99999
99963
99991
99946
99986
100016
100018
99988
99938
99973
99746
100030
99914
99949
99991
99982
99946
99981
99979
99964
100048
99931
99947
99992
100009
100013
99955
99983
99914
99965
99958
99991
100015
99932
99966
99971
99960
100002
99961
100025
99949...