1000
72 209285913
78 15738817
12 65267037
34 69864485
62 856371571
0 11114977
95 12485289
8 47501988
92 434444784
80 793358051
99 264596872
31 203461779
17 864692042
78 997671813
58 363863441
66 80971609
23 549580486
41 102532896
99 343541639
78 108834962
88 408478580
74 366574312
57 995621014
31 270673752
11 979738987
93 750627627
49 76751762
19 49379196
100 986308367
37 120584335
63 404609596
91 5033163
35 747840077
31 846819669
74 192532094
76 155664971
60 380171739...