Blue
20005
Red
20005 34152 40821 55238 59756
Blue
3293 4541 7576 13122 14331 16236 34152 38320 40821 52699 55238 59756
Red
3293 4541 6442 7576 7864 12216 13122 14331 16236 28916 38320 52393 52699 54539 57238 61164 64757
Blue
3196 6442 6636 7864 8718 9272 12216 14458 20925 28841 28916 29061 31642 34943 35181 40844 44921 45762 46457 51977 52393 53592 54320 54539 56451 57238 57588 57733 58677 58791 60700 61164 61261 64757 65482 67159 67261
Red
1826 1928 1991 2157 2474 2678 3196 3755 3998 4051 4923 ...