913 749
560 725918
263444 189227
824330 302159
173375 172043
698069 765260
-852517 -863606
519539 -175324
-486409 -479419
813800 798945
748760 445322
528164 -815263
-922882 959681
-49405 713000
407450 578024
60350 128468
-161263 -408058
624651 121913
-199747 531485
-433834 -588217
-498193 825392
-151972 305687
-362548 -540808
-475909 206264
44561 -694887
-640550 443327
-493762 -621295
275810 -934474
-138736 308171
-267736 -568870
552083 -471952
-366352 -59260
903773 -651277...