1193 876
-536467 -932014
541358 438827
-810406 197090
-800605 171878
-860425 669563
863201 -695062
-701035 -787258
-598816 99864
138974 300986
-66268 -333574
-323290 265511
31082 675341
-400105 -548356
-64942 -954703
-86179 -232612
-489766 -537319
32828 231557
-599446 -856951
-473581 -938491
506 -57739
402974 -582202
759581 15185
-491287 174671
-591571 582452
171275 387197
208100 -981622
-818812 -708850
640328 -927974
654266 465428
208031 181970
185420 -572296
327533 941318...