1337 1831
410345 -128560
-379616 -840990
-34834 426500
-531058 84227
872585 28523
309923 -217651
-448492 109739
-651151 509149
151460 659558
-374791 978386
438845 -942685
295741 -88273
-960704 399578
-568342 520259
-751618 984758
-522328 533132
125964 761041
132 -314698
289862 -922641
534682 -317104
-585208 615038
171323 -427100
753950 -166180
302888 492254
-993487 764048
766670 684929
126653 -698612
-960974 178643
-153905 -663306
-354293 -443446
51527 -123316
458762 438497...