190000 190999
52810 54203
184799 5695
128469 33102
20011 146008
166692 25096
77168 148759
114626 31930
79709 110515
54172 47703
28499 35236
7323 76339
121018 17282
100614 75433
86612 146469
144728 123770
184569 59325
107219 100459
178176 69324
10277 47744
172869 74202
28142 177144
43458 134760
134637 132209
2650 139691
60460 163751
128272 89340
170154 96233
1130 3998
29577 132157
181695 168400
36148 72657
96763 119597
51041 42369
125763 124299
89242 101760
172383 117646...