100 100
9 82 16 90 100 7 49 58 20 55
1 43
14 98 88 42 5 57 83 80 100 96 91 78 21 90 24
9 41 89 81 82 5 76 33 75 97
2 95 42
2 4 2
58 44 54 71 72 91 85 38 39 51 65 16 29 78 73 53 56 97 47 41 48 82 6 15 52 18 27 20 79 45 60 24 14 50 64 26 77 7 25 5 100 89 61 94 90 96 35 12 76 92 4 19 13 63 98 1 17 37 31
24 19 2 55 10 22 14 13 92 56 80 71 91 30 28 39 42 3 18 74 93 40 81 49 77
30 55 42 60 39 71 5 20 11 38 57 32 1 7 12 92 75 46 28 69 54 68 9 99 16 90 89 14 95 77 97
31 10 22 79 9 40 62 17 54 19 12 38 93...