100000
852 962 853 963
13 43 14 44
178 528 179 529
394 114 395 115
547 337 548 338
309 629 880 40
783 353 784 354
400 890 401 891
988 28 989 29
788 448 789 449
699 659 370 970
637 497 638 498
333 693 334 694
417 827 418 828
892 532 893 533
748 528 749 529
812 652 813 653
789 779 650 900
607 127 608 128
548 348 549 349
779 699 920 540
98 738 99 739
42 582 43 583
40 10 41 11
96 446 97 447
45 395 46 396
168 458 169 459
196 776 197 777
205 275 206 276
88 948 89 949
56 746 57 747...