366 181
+35
+101
-150
+21
+244
+255
-121
+88
-255
-255
+71
+137
+328
+255
+255
-255
+202
+255
-255
-255
+255
-216
+255
+255
-255
+255
+260
+255
+177
+116
+11
-119
-255
+127
-255
+291
+255
+255
+15
-255
+255
+255
+255
+194
+325
-255
-84
-7
+269
+255
-48
-255
+255
+255
-204
-255
+255
+255
+168
+348
-255
-360
-308
-255
-255
-252
-123
-136
-311
-255
+255
+111
-100
+116
+78
+109
-255
-255
+106
-100
-255
+255
-29
+291
-170
+57...