733 372
-106
-396
-304
+396
-396
+123
-659
-646
+396
+396
-396
-368
+650
-730
+396
+390
+208
-396
-557
+396
-464
+4
-396
-539
+445
-348
-396
-396
-93
-396
-396
-388
-396
+409
+147
+396
+396
-177
+581
+396
+396
-396
-721
-396
-107
-396
+38
+396
-362
-396
+396
+396
-396
-396
+315
-396
+256
-48
-39
-396
-396
+509
+448
-396
-490
+55
+286
+396
-329
-396
-396
+396
-396
-298
+396
-396
+396
-396
-163
-436
-396
-589
+128
-396
-396...