76735 38449
-47673
+49638
+47673
+47673
+47673
+47673
-47673
-20602
-47673
+47673
-32938
-16969
+47673
+47673
+9217
-47673
-29923
+29410
-47673
+57656
-69043
+47673
+59346
-38391
-47673
+47673
+10249
-47673
-6274
+47673
-47673
-47673
-47673
-8543
+47673
+47673
+5905
+44031
+46672
-37693
-47673
+54281
+15953
+43297
-37267
+35723
-5749
+47673
+47673
+51501
-54401
-47673
-47673
-67913
+47673
+34324
-47673
+47673
+47673
+72710
-47673
+47673
+47673...