16464 8206
+14171
+10131
-14883
+9270
-1100
+7776
+8396
-5367
-5068
-14171
-11603
+3651
-16260
+9170
-14171
-14171
+6126
+13317
+7754
+4068
+14171
+14171
+14171
+14171
-12771
+12801
+1324
-13381
+1396
-14171
-14171
-10400
+14171
+14171
+14171
-4140
+12426
-14171
+8291
-14171
+14171
-10901
-590
-5100
-14171
-4612
+14171
-14171
+14054
-7701
-4679
+14171
-14171
-8490
+14171
+5807
-9143
+14171
+14838
+15254
+14171
+661
-11030
+7650
-15219
-3974...