99189 50035
-37261
-33230
-37261
-37261
-37261
-37261
-37261
-37261
-87399
-37261
-3607
-1664
-30612
-37261
-37261
+37261
+40973
-37261
-37261
-37261
-9800
-37261
-37261
-37261
-9902
-40213
-37261
-77006
-2316
-37261
-37261
-37261
-51751
-37261
-27414
-76259
-81595
-93519
-37261
-73357
+61628
-46331
-25756
-37261
-93874
-37261
-22800
+91195
-27240
-37261
-32850
-37261
-77875
-37261
-37261
-63021
-37261
-37261
-60203
-61831
-26207
+37261
-23461...