99422 49629
-31816
-69217
-84377
-11460
-11460
-46600
-40331
-11460
-11460
-11460
-28046
-85454
-69344
-9574
-11460
-60620
-18133
-51346
-25113
-84989
-11460
-11460
-11460
-34147
-18675
-11460
-11460
-11460
-32783
-11460
-37706
-22710
-11460
-11460
-11460
-11460
-68671
-25782
-13962
-18016
-11460
-11460
-85340
-11460
-22936
-11460
-13300
-11460
-201
-11460
-11460
-69383
-49818
-1082
-11460
-25949
-4458
-11460
-69249
-11460
-31534
-59917
-11460...