173
1589 1577
2058 2067
99 110
1907 1921
1108 1098
1538 1526
1462 1453
852 860
751 760
1026 1036
1790 1800
1876 1893
1314 1326
880 868
1336 1349
1119 1126
193 176
949 958
412 401
1200 1210
1334 1344
2053 2064
1858 1846
1395 1384
1964 1953
1756 1767
1783 1793
432 414
455 467
743 730
1353 1363
224 235
65 52
1566 1578
621 636
487 475
1192 1182
1710 1699
66 76
1599 1610
1015 1024
1612 1622
1813 1824
1736 1724
403 413
927 916
135 143
849 860
1944 1934
1155 1143...