950
169 170
900 901
286 287
584 585
216 217
1280 1281
614 615
657 658
1510 1508
1637 1638
160 161
320 321
84 85
1680 1679
31 32
367 368
454 455
546 544
392 394
437 438
336 338
155 156
1776 1774
541 542
235 236
947 945
31 32
938 939
1090 1091
1974 1973
551 552
1334 1332
1271 1272
89 90
1068 1069
31 31
288 286
402 403
535 536
370 371
613 614
148 149
973 974
1619 1617
966 967
824 822
13 14
320 321
707 708
1716 1715
163 164
67 68
1685 1687
148 149
253 254...