942
61 62
36 37
249 250
546 547
931 929
69 70
400 401
1991 1993
36 37
373 374
474 475
157 158
1568 1570
881 882
900 902
256 257
1458 1457
772 773
1312 1313
6 8
1617 1618
1843 1841
511 512
477 478
916 917
1719 1720
665 666
922 924
881 882
320 321
1020 1018
246 247
211 212
2027 2026
716 717
394 395
1069 1070
383 384
195 196
1232 1234
85 86
942 943
463 464
822 823
296 297
1537 1538
834 835
779 777
85 86
34 35
231 232
1122 1124
1037 1038
326 327
1537 1538...