5
0
6
4
4
3
6
1
2
3
4
2
4
8
6
3
5
4
6
5
1
2
3
3
0
8
1
7
2
7
4
1
1
8
3
0
12
4
6
4
3
2
6
5
5
2
0
2
0
11
2
0
5
8
11
5
6
4
3
3
4
9
6
8
1
3
8
2
8
4
4
0
6
6
8
4
6
3
0
0
4
2
6
4
3
4
2
8
1
4
8
4
4
4
4
10
4
5
4
7
2
0
2
6
1
4
4
9
4
2
2
1
10
5
5
3
6
1
10
6
3
4
5
2
6
3
5
3
2
12
2
5
9
3
10
5
4
5
4
2
12
0
8
4
7
0
3
6
4
4
9
4
1
3
6
9
4
3
3
1
3
11
10
4
4
2
3...