183546
148526
158994
170000
176220
167993
191664
181000
175824
195000
123000
143372
190508
178724
144921
190674
167922
149968
131508
175778
174796
58410
33228
135123
131421
120932
122791
124387
30000
127719
132111
56000
48051
109044
91569
116613
72668
125820
132038
106015
53751
126485
82948
119081
115379
78880
140676
116655
94189
80800
57000
39900
104535
101000
113256
87100
49000
54000
99216
49800
46986
95627
111100
45458
72215
88452
109585...