793000
969000
920000
954000
813186
828171
736000
900000
683316
845000
593000
766233
794205
886000
905094
651348
819180
959040
966000
772227
989010
966000
755244
975024
900000
991008
957000
828000
736263
893000
733266
866133
651000
912087
539460
888000
751000
800199
995004
979020
703296
991000
761238
968000
932067
817182
875124
822000
814000
898101
717000
869130
747000
899000
744000
973000
830000
842000
885000
996000
862137
989000
561438
588000...