6
6
6
2
5
4
3
6
4
4
3
6
4
6
2
6
0
3
5
2
4
4
3
8
9
5
6
12
2
5
2
1
8
2
4
3
6
4
9
8
10
0
0
11
12
6
4
2
6
6
2
6
5
6
5
4
8
4
2
6
3
6
2
3
2
9
2
11
5
1
2
9
4
4
4
7
2
7
4
1
4
4
8
2
0
6
8
4
6
6
3
10
6
4
0
1
8
5
3
2
6
4
1
6
4
5
3
2
2
4
4
5
7
4
5
3
3
5
11
4
5
3
0
6
3
2
4
3
4
6
4
1
5
7
5
4
4
4
4
5
2
6
6
1
2
3
0
4
6
5
8
4
2
2
1
12
8
6
1
6
5
2
0
3
8
8
4
9...