3
3
6
2
0
3
7
2
9
4
14
3
0
4
14
10
3
2
10
1
6
4
4
4
9
9
6
3
6
8
1
2
10
3
4
1
3
5
2
6
7
4
2
0
5
4
1
4
4
2
10
3
2
4
3
1
5
8
5
8
3
1
2
4
10
4
3
3
2
5
3
5
7
3
3
1
6
7
14
8
8
2
7
5
6
6
4
3
2
1
0
9
8
9
4
5
3
2
0
2
0
1
4
2
2
4
4
8
2
2
2
0
9
6
8
12
6
4
2
0
3
4
3
0
6
0
2
8
1
3
6
5
0
1
4
3
2
3
12
4
5
4
4
0
8
2
3
12
2
4
6
2
7
8
4
4
6
5
4
6
9
8
6
2
9
5
3...