2
4
8
2
2
0
4
3
8
4
4
9
8
3
4
3
0
1
5
6
6
6
5
7
3
0
9
8
1
2
9
2
6
9
6
4
5
5
9
5
2
2
10
6
3
2
8
10
2
2
12
8
4
5
4
4
10
6
5
4
2
3
6
3
6
2
6
9
8
4
4
4
0
9
0
5
2
4
6
4
5
3
1
6
3
4
3
0
6
4
8
6
5
7
12
3
7
8
2
4
2
7
6
4
0
6
5
4
12
10
3
4
2
5
3
2
4
0
6
3
4
2
8
7
0
5
6
10
4
3
9
10
12
3
6
4
1
3
8
8
6
10
3
2
1
1
3
0
4
8
6
2
10
3
3
6
3
2
4
6
11
6
2
7
15
0...