6
6
0
0
9
3
2
1
3
3
3
3
5
3
8
3
4
3
5
6
5
2
1
9
2
6
5
4
3
7
4
4
3
10
3
5
2
6
3
2
4
5
10
2
3
4
4
6
3
4
6
7
7
2
5
6
3
7
3
0
0
3
5
3
5
8
8
0
2
4
2
6
2
4
4
6
2
3
2
8
4
8
5
4
10
4
0
8
5
1
7
2
5
0
0
6
10
6
6
3
4
3
6
6
1
4
6
3
8
8
4
2
3
4
0
5
11
3
0
5
4
3
10
6
4
1
2
4
10
1
5
6
6
2
4
12
4
6
8
0
7
3
0
1
16
8
10
0
4
8
6
7
3
7
6
3
10
5
6
8
2
6
4
8
6
3
6...