621000
558750
365650
410000
363324
353750
319000
366875
443040
417480
355000
345240
411250
335000
380238
344375
333608
199045
364000
384000
322000
350595
290936
326000
232000
300000
340000
233934
278000
298000
303072
242056
340995
359000
331000
347000
354932
214446
309000
349947
305888
198000
167000
303000
167000
181000
267604
353949
266336
149124
361188
284000
360914
296010
217792
220000
215000
207000
266319
218088
230736
241544
233480
256828...