14588 50000 12979
1460 11988
3261 6373
4656 12005
2650 7481
1936 7471
4821 6432
6673 12752
4877 10046
4741 14461
275 1725
1958 13683
2207 4559
1555 8567
5068 6818
5016 14516
7476 8362
1224 4690
10393 13345
7029 13677
12192 14014
5733 12399
2591 12227
5281 7491
4322 9728
2107 5240
3839 4002
1773 13114
687 13700
5432 10081
3027 3636
3603 4456
2531 7202
8078 12743
780 3455
5760 10327
10799 13585
5471 10974
606 13791
7947 8206
4883 8024
9369 13476
1331 6135
2285 2955...