50000 50000 50000
529 10383
10730 46677
19296 21202
2680 49540
10430 47682
29566 37034
15837 25114
21801 22285
41589 44738
3981 36511
38092 43278
519 32738
15557 33319
7909 26447
28767 45268
27746 31147
32538 40093
18232 41431
32760 37869
8912 17183
15517 45620
285 23802
9020 20131
7921 37806
14434 23301
10999 38091
39447 40009
6455 11062
29035 44435
15015 25555
6340 31930
26202 46789
27675 49472
15167 38318
31906 48337
16888 38407
23186 29412
25650 41208
23039 43842...