289 35129 13
25 207
106 138
26 161
55 265
106 268
10 139
43 274
56 171
76 229
31 196
40 149
172 197
235 251
71 144
249 255
166 249
32 46
93 130
102 284
170 206
84 186
14 79
47 218
102 179
146 283
169 234
163 168
79 104
10 157
62 272
143 283
204 264
36 52
84 94
1 131
19 43
13 264
118 203
130 269
185 197
137 176
231 259
145 207
98 116
41 263
217 281
26 29
116 144
212 271
196 242
21 223
195 284
64 65
68 241
25 249
164 212
53 77
159 249
15 268
46 183...