0
0
0
0
24
24
0
0
0
0
0
99
99
0
0
0
12
0
0
0
28
151
123
81
0
386
0
0
0
0
0
197
0
0
0
0
429
0
0
0
0
750
0
827
0
0
0
119
930
1269
0
1094
0
210
0
0
0
0
0
1646
448
0
0
0
0
0
0
0
1794
0
0
0
2432
142
0
0
2382
0
2429
0
0
0
0
2408
2452
0
1454
1569
0
2953
1857
1609
0
0
3255
0
919
0
1251
2070
3499
0
2556
2940
2722
1725
2807
2705
4002
1983
4001
2931
0
0
0
0
0
3623
3623
4422
0
0
1146
4481
965
0...