247403
251511
316275
176573
287406
0
0
0
205597
0
0
0
0
0
285033
229644
278087
0
282226
0
195191
299062
0
0
340454
0
0
0
0
19233
0
62669
0
0
0
0
131941
0
178768
0
17260
0
90999
159905
0
298712
0
297090
0
0
0
62110
92390
0
0
0
0
256969
304103
302355
0
293040
0
10160
0
199917
209390
307466
0
305594
0
0
32582
0
0
358029
0
0
0
0
0
108415
264003
0
0
0
0
0
300885
253557
0
0
0
0
0
225229
269893
332753
145048
348886...