366064
0
357611
474229
917237
1671537
1706158
1640388
1636710
1787811
2304086
0
0
0
2460446
0
2699099
0
2856851
2899757
2830477
2991966
2997230
3282348
0
0
0
0
3480798
0
0
4277537
4427156
4865747
4943734
5069701
5056801
5076856
5347277
5323630
5981591
0
6536171
6527606
6480392
0
6619905
6791341
0
0
0
0
7698739
0
0
8082637
8521924
0
8466573
0
0
0
8624815
0
9145834
0
9511483
9494373
0
9517047
0
0
9675123
9679874
0
0
0
0
0
9937990...