6
0
0
0
0
0
0
2
2
2
0
0
0
0
11
0
0
0
0
0
0
0
0
0
0
0
0
0
0
0
0
0
0
3
0
0
0
0
10
0
0
3
0
0
0
0
0
3
0
0
0
0
0
0
2
0
0
0
0
0
0
0
0
3
3
0
0
3
6
0
0
0
0
0
0
3
0
0
0
0
0
5
0
1
9
0
1
0
0
0
0
0
0
0
0
0
0
0
0
0
0
0
0
3
0
0
0
1
0
0
0
0
0
0
3
0
0
0
0
0
0
0
3
0
0
0
3
0
0
0
0
0
0
0
0
0
0
4
2
0
0
0
0
0
0
0
6
0
0
0
3
0
0
6
0
0
0
5
0
0
0
0
0
2
0
0
0
0
0
0...