2326
1583
2825
3199
0
0
4307
0
1024
0
0
0
0
0
0
0
0
14704
0
0
15960
0
0
0
0
0
0
21892
0
0
15360
0
24893
0
0
24790
24109
24925
0
24923
0
25425
0
1024
0
26165
26151
27906
0
28492
29079
31177
0
34607
0
38449
40341
39978
0
0
46566
46637
47403
47370
0
50385
0
0
51634
50604
0
0
60857
64810
66868
66276
0
0
0
0
0
74325
76050
0
0
87347
87817
0
0
92588
0
97124
0
97344
98594
0
101200
0
101863
1024
0
0
103464
104877...