200000 182955
999 17424
1000 11321
1000 13792
1000 19009
999 11748
1000 17660
999 13470
999 14134
1000 18859
999 15667
1000 13393
1000 13874
1000 11134
1000 11987
1000 10480
1000 17212
999 13598
999 13406
999 13193
1000 18057
999 17570
1000 12360
1000 16490
999 19083
999 15234
1000 12252
999 13512
999 18835
999 19666
1000 16800
999 15501
1000 14067
999 10942
1000 17458
999 10817
1000 11169
999 19560
1000 10550
1000 12460
1000 13979
1000 12254
999 14905
1000 13351...