1000 30
294 209818
2132 95315
2449 259051
2579 131261
2599 94292
3272 270302
3273 63082
3783 26069
3788 106156
4499 247384
5371 84376
5478 156704
5553 106366
5936 23065
6088 227753
6509 67884
6576 439103
6829 66259
7034 20626
7288 60827
7735 5262
7904 221827
8139 121428
8528 279238
9173 241207
10494 222599
11197 170246
11490 154708
11597 132016
11852 222411
12067 11228
12297 75011
13101 69003
13251 283837
13592 28800
13796 154617
16526 14806
17330 147337
17971 422082...