300 6000
3 297
4 601
10 156
13 485
16 82
18 92
19 605
21 374
23 106
24 290
31 379
35 457
37 560
41 185
49 530
55 7
57 343
60 142
61 545
62 454
68 77
72 174
75 153
78 118
84 479
86 112
87 75
88 94
91 355
92 650
100 494
105 53
110 113
113 384
130 295
132 204
134 469
136 674
141 47
142 12
144 71
145 240
147 21
154 74
156 162
158 236
160 223
161 355
165 158
166 182
167 500
169 23
179 15
181 412
182 483
186 512
189 208
192 153
198 401
199 618
202 118...