100000 10000
18003 8669052
31028 9468065
31264 8302189
38362 1934953
46302 1146126
58596 7009179
60637 9277165
66939 8122594
75287 1233813
79435 5501684
88332 9914111
100219 5331755
115464 7539272
122541 3272533
125133 3201316
133620 3004743
144990 7975954
169419 7318712
170447 9115345
181918 4518603
194497 6783761
197552 8299757
206036 6892014
235268 2446817
249117 679193
267110 5600792
290380 3126359
301271 3673541
316193 891183
361875 8433841
363918 462559
371665 5679435...