100000 10000
1028 13401
35180 1870
36805 7580
40732 403
52519 24296
54075 28346
69941 13850
71631 165
85864 17639
99356 487
106864 19978
113891 1408
126618 9554
133050 38546
133998 7889
134192 14903
136981 41506
154843 3212
171458 47182
182759 2579
192852 19047
193701 1108
194943 3086
228984 279
234435 11442
244624 31345
250428 2031
263057 14954
271724 2276
282593 19275
284422 8046
291051 3639
298039 10767
329462 7927
330640 2546
364715 28868
366819 25950
371434 18250...