250
110
596
927
705
652
25
561
565
905
580
621
173
490
749
449
729
0
711
801
824
411
377
615
414
658
489
287
647
602
637
328
45
206
706
855
406
972
804
307
619
994
372
176
506
298
866
809
837
405
675
88
494
0
955
743
794
105
870
0
183
851
587
61
445
633
517
0
504
650
244
254
48
737
0
139
0
546
854
654
911
114
12
0
741
534
365
395
379
0
337
167
757
501
695
764
556
740
520
163
798
122
46
919
624
849
722...