0
959
50
895
609
0
971
561
204
851
398
662
556
930
558
11
163
804
227
893
298
827
633
701
787
103
697
269
83
636
381
825
720
988
197
777
498
0
375
425
334
219
161
426
839
748
367
351
242
28
546
816
52
876
686
288
63
833
877
764
305
941
436
121
771
208
577
473
303
1000
234
947
717
42
401
112
275
747
951
336
46
649
400
887
55
451
417
92
948
59
753
713
527
861
524
51
983
472
15
772
974
986
290
358
972
492...