2814
5666
3612
0
62
988
8807
2445
5200
1917
4812
3546
1370
9452
6399
2082
1341
8374
121
2534
8834
4337
8271
5671
7064
4651
5180
6556
7826
4555
828
3671
7372
6241
249
691
1799
745
7383
6415
9098
4041
2284
8056
346
2779
8607
5194
2364
9734
9088
8445
4247
1667
945
5449
5949
481
2102
2770
7773
965
3
9069
7252
4820
6925
3096
7592
4850
7039
4330
7771
2012
7148
9562
3362
5076
3176
5170
487
8620
6831
2637
6750
13
4335
898
4703...