1359
9701
4804
904
3575
9814
8773
5910
2714
2649
5209
2356
706
4892
2968
7177
632
2734
4232
3867
7556
1534
3428
6932
2845
1062
9288
6771
1023
8602
5963
9676
117
8502
6701
6328
2162
660
658
6488
9071
6804
1764
1313
3283
9379
5486
6345
8749
6996
6075
4116
0
7237
7540
1112
1309
5591
4095
1162
9272
4544
0
3900
0
4726
7448
8672
4879
9524
6585
0
4777
3993
2340
8708
0
7841
586
8870
8777
1263
5360
1191
4279
1536
1315
4420
8320...