10000
0 77 7 24 68763
2 59 10 82 56285
3 9 7 10 17005
7 84 2 87 78341
1 25 3 52 15197
10 92 9 84 91234
6 63 0 40 27295
6 8 6 93 44005
3 7 9 75 22059
1 12 2 61 48415
10 74 0 68 54005
3 31 5 42 53135
10 30 8 22 33505
7 91 0 77 47901
2 47 3 55 51749
7 45 2 38 70873
3 8 6 27 3285
2 6 4 14 28124
3 27 1 79 16483
6 52 4 39 9330
8 41 5 45 46641
6 85 7 41 68902
7 61 9 72 58487
8 90 0 35 52873
0 59 0 67 20144
1 38 1 65 6526
6 53 5 6 9373
4 52 4 49 24779
5 63 2 63 89621
10 89 8 64 15732...