45495
0
7454
31158
22070
33251
59352
63877
44162
9221
1506
86844
97752
27710
90013
64014
32516
70319
21637
49627
24073
22675
95219
11960
48481
33221
31740
36717
95335
311
33199
52401
53542
75641
76150
93942
45388
78704
84103
86091
60434
27556
64230
26062
22458
6979
31237
91409
58773
75210
78801
62035
39388
62730
93442
78980
83432
21502
2853
42548
57389
25856
76308
22944
42509
39593
59841
91997
33428
16415
222
76986
67810
13810
27152...