55152
-312821453 -67317891
129165514 248109316
51988198 102507692
227078973 90037016
-45862417 168566707
-325803002 -121423825
88255787 -214034093
75522859 -11249381
114970308 129933304
260969513 -127555425
184077920 10873762
209982404 -131703754
-53616842 92202474
-56744657 -197980683
-29347271 65059705
104491176 -236201630
-310974518 26464922
-85336598 -3942840
52711142 207285814
54644338 -276416196
295622998 48345889
-16493116 107641120
115026832 -119120121
-241347081 -296928121...