90003 90003 1
773758814 686092735
59268177 208877404
409474606 572228648
76898343 266975867
244872299 733254501
367127763 133022100
660359000 17669632
446246804 117041746
10587060 901721889
166578175 959681285
45605952 36744557
245284935 620952057
436165073 267674632
878750159 618307776
980275991 528881861
459673601 950353822
578647879 538104659
830392245 691940720
66178191 697167143
986099865 111518904
177646857 336928449
306296649 670069398
374356110 446916386
857379130 116422269...