100000 57856 9794
934623098 800673523
866677148 553962476
712576838 697609860
9804592 707072730
605852047 537219673
567712112 979378078
614142623 95970148
173457086 527704412
927838672 3467834
163157882 910035683
987707994 599037210
59755767 849187489
117717496 643797844
17624288 96388321
123021358 658502350
641954372 1278628
173986109 613815792
721629648 537527579
699631148 110361486
614769352 28847425
580063392 475987771
113225601 266685991
359176102 381136465
590432781 116091102...