100 50 34
707981957 58621277
260428276 643727777
454915653 298304199
707981957 91432021
860607686 804385802
616003683 454915653
919533151 936771087
52150667 645083829
813822249 163173832
162340537 733829814
153211567 232079886
168911104 700323330
740862209 232079886
626572214 155970556
294491680 349457279
887523879 608949855
206175701 936771087
325951556 496710391
860607686 131016979
274901241 837787457
162340537 704358069
842977748 700323330
129527199 842977748
243408171 558820311...