13 12 53024
12 152 155 92 18 25 23 82 6 69 97 68
111 37 86 32 134 140 119 11 102 156 95 17
22 110 94 47 38 88 19 76 121 89 14 131
146 70 58 61 62 50 118 128 80 26 115 107
54 46 138 49 5 85 101 81 45 112 139 151
29 60 124 4 90 98 34 28 113 117 116 153
78 57 9 77 123 55 27 130 120 127 67 53
59 10 149 143 43 79 147 135 150 41 83 104
21 84 126 73 30 136 148 145 33 66 31 65
74 105 35 15 154 129 141 133 87 72 48 39
144 40 103 108 114 106 91 96 56 16 13 52
51 2 122 137 100 93 44 42 7 24 75 109
8 142 ...