14 13 465746
39 164 3 45 96 16 94 127 168 81 119 182 33
155 1 18 91 120 78 165 6 72 100 181 46 141
4 92 44 19 54 175 70 68 58 140 17 118 150
20 161 22 64 147 7 114 95 160 13 32 73 23
80 121 12 163 5 179 173 169 11 31 112 53 107
60 88 137 2 38 55 158 10 86 65 171 89 145
103 126 24 116 47 146 14 77 93 142 106 131 130
157 25 34 43 149 15 67 29 26 76 162 90 48
8 61 35 154 27 85 52 105 97 87 69 180 178
37 49 167 57 41 124 128 115 177 144 99 132 98
59 153 28 42 152 172 84 74 102 62 122 110 75
159 9 1...