15 14 2674440
12 99 101 9 144 76 40 19 80 33 98 106 170 135
181 91 45 203 138 54 47 155 32 156 198 136 208 182
196 18 145 189 161 163 128 61 81 194 86 162 165 7
159 160 124 23 36 201 70 100 115 158 110 204 4 146
169 126 13 20 49 41 103 72 209 168 190 71 187 82
172 14 113 50 63 123 191 94 140 206 3 205 58 188
28 21 111 30 92 132 130 77 84 15 89 107 137 73
16 74 141 116 62 139 210 177 2 199 65 69 127 56
193 57 167 200 87 97 157 10 178 186 37 27 153 143
118 79 120 105 112 117 1 150 102 75 35 93 147 ...