988858767
537181663
407739380
134681436
94485474
112101127
93919410
124066844
884025132
462791937
36563644
345994848
287149411
55924891
154905536
933336713
708985943
258208426
305600926
789094130
931742705
448444978
435708728
135291731
280066106
423720768
244131535
442571318
694955348
311119007
588922835
911631792
208938993
930889649
947777151
946100730
868547253
150566102
668468122
34680761
119349313
596499253
539314800
346482821
756313119
905878848
283707562...