200000
1 11336494 -601654852
1 417124478 -370041256
1 656121550 402365440
1 -816794062 421733046
1 -334285565 -147668110
1 928521333 -937327660
1 -840696608 -429711652
1 137816961 -24801885
1 -280358659 -696522506
1 976396748 -209749612
1 -322199586 617927478
1 80459005 303883563
1 -859758888 980700447
1 -575780627 -958733363
1 -788608193 -326270417
1 -974357727 796871854
1 -236764226 -146222658
1 -138777808 235245151
1 559659565 -800890928
1 677868726 178489820
1 -553419058 847768446...