2921151526081
42107978597533
32330571694423
10103133275881
1558626567367
19209366859669
54143880997105
4901813669143
643458465271
37792049105203
1745698432237
7583525403499
49927897640671
80330058637
25832581899979
36598244235769
39728222746945
52234295910517
4746437347435
4829308328251
18431828188435
40256413367473
33932329834309
62591027635417
15129526147129
60977251047889
43143503647891
3037798527229
11236012135087
2866520263741
5317188351727
6271285947973
56422183496371...