500000
999000 999999500
999002 999999499
999004 999999498
999006 999999497
999008 999999496
999010 999999495
999012 999999494
999014 999999493
999016 999999492
999018 999999491
999020 999999490
999022 999999489
999024 999999488
999026 999999487
999028 999999486
999030 999999485
999032 999999484
999034 999999483
999036 999999482
999038 999999481
999040 999999480
999042 999999479
999044 999999478
999046 999999477
999048 999999476
999050 999999475
999052 999999474
999054 999999473...