1000
-999336886 999999010
-999258029 999999009
-997171991 999999008
-996511559 999999007
-995847346 999999006
-995477491 999999005
-995108880 999999004
-994664285 999999003
-994182319 999999002
-993552920 999999001
-992836369 999999000
-991955701 999998000
-991048833 999997000
-990599395 999996000
-989704844 999995000
-989066836 999994000
-987395402 999993000
-986995889 999992000
-984821442 999991000
-980613842 999990000
-977756750 999989000
-974790632 999988000
-971231638 999987000...