bTBeLwb83O
100000
2 1
2 1
6 2
5 5
4 1
10 5
6 1
9 3
3 3
9 8
6 3
4 2
8 5
4 3
6 2
4 2
6 5
10 5
1 1
10 10
9 8
6 6
6 6
8 2
2 2
10 5
8 7
4 4
5 3
7 1
10 2
2 1
7 3
3 3
1 1
6 6
1 1
2 2
2 1
5 1
3 3
4 4
2 1
5 5
8 4
7 1
1 1
9 9
3 1
4 4
9 9
5 5
7 4
7 2
4 2
2 1
6 6
1 1
5 1
7 5
10 4
1 1
8 4
2 2
3 1
4 4
3 3
8 8
3 1
7 5
3 2
5 4
2 1
1 1
1 1
4 3
6 1
4 4
1 1
3 2
1 1
5 5
5 4
2 1
7 6
5 2
3 1
7 7
8 2
3 2
7 4
6 5
6 4
2 2
4 3
4 3
5 5...