300
10
7
6
5
9
7
4
2
10
10
6
10
5
9
9
4
8
8
5
7
8
10
9
4
5
3
8
3
8
8
2
3
7
3
8
10
6
4
6
9
7
7
4
1
2
4
1
4
10
10
7
3
8
8
6
1
2
5
6
2
1
4
3
8
6
7
1
7
7
1
8
7
4
1
9
7
2
2
5
5
9
10
1
6
7
4
8
1
10
4
4
7
2
6
7
5
1
8
1
2
1
2
10
9
3
4
9
5
9
2
6
6
5
1
1
5
1
6
9
10
6
5
9
7
7
1
1
7
10
9
4
8
10
1
6
6
3
4
9
5
3
4
4
3
6
1
7
10
5
6
10
1
6
9
3
1
2
3
10
6
10
7
7...