299
84
60
61
97
92
53
100
77
54
59
57
55
90
83
66
97
82
63
59
71
74
81
58
79
82
66
83
95
73
57
90
63
80
62
58
87
72
53
81
98
85
66
68
64
70
71
56
83
70
50
52
94
74
64
55
65
91
68
99
68
70
64
95
74
53
93
58
66
82
76
82
68
85
55
70
98
66
92
76
59
61
83
82
94
57
54
86
100
62
89
60
57
92
50
77
61
99
76
57
59
50
77
59
57
56
100
66
62
88
71
94
88
83
81
65
69
69
75
76
54
79
82
80
87
86
70...