999999999999999999999999999999999
1000000000000000000000000000000000
1000000000000000000000000000000001
1000000000000000000000000000000002
1000000000000000000000000000000003
1000000000000000000000000000000004
1000000000000000000000000000000005
1000000000000000000000000000000006
1000000000000000000000000000000007
1000000000000000000000000000000008
1000000000000000000000000000000009
1000000000000000000000000000000010
1000000000000000000000000000000011
1000000000000000000000000000000012
10000000...