0
4495
13179
15018
13776
13684
23776
27965
19281
27006
15167
22006
34285
30096
44811
44811
27838
36522
34360
51682
39292
34360
83081
63556
78055
92472
51636
78556
105501
68378
125743
99227
117916
73070
122672
105026
120238
100628
85048
118919
100628
82189
121697
140970
86676
81365
127632
115121
115884
168281
123297
105330
149450
176824
116377
188716
156010
192442
198248
199426
140982
139855
147223
168265
147107
198686
213826
181408
185555...