0
12220
4349
18772
24121
18772
30230
42384
38725
61645
62994
61334
71507
75506
73776
78776
78637
90581
101214
93022
114603
110602
124609
114852
111766
124076
129438
133474
133474
137208
115060
163682
154585
141761
188258
177200
174101
187066
187116
166839
185593
191961
177408
208554
221512
189254
193132
238222
218357
188020
234127
187195
242155
252617
195066
192195
195231
208028
212454
212307
225741
235796
212307
254957
212242
219409
199087...