0
8051
13051
16102
13051
11102
13051
43333
25781
37334
35396
39152
44152
44923
65726
74035
76507
78584
74683
83492
83741
84209
93842
83723
90098
107242
104203
99889
106092
99864
111092
106854
107332
106908
107571
112523
107628
106148
107628
123867
128189
123867
137640
149485
183175
151137
168659
155366
144378
183905
146641
191325
166005
174538
158132
171292
227882
203429
185772
214255
244839
186736
246894
256802
201644
191074
196557
209643...