200000 40000 10000 5000 200000
1 14288 5050
1 142961 6661
2 31897
2 41227
2 110803
2 4321
1 9009 3380
2 40004
2 76457
2 132636
1 7740 4735
2 25348
2 53047
2 134269
2 84963
2 2627
2 57588
1 62791 5236
2 44246
2 113874
2 11562
2 92446
1 36447 9634
1 93306 6826
2 67646
1 1572 1939
2 128849
1 55289 5197
2 84353
2 145947
1 173767 9883
1 16303 5194
2 87622
1 164501 8224
1 41285 8132
2 14510
2 100624
2 133017
1 24683 1609
2 65680
2 144542
1 163343 4179
2 127397
2 87507...