5000
14335
21109
24447
28916
28916
34890
40421
46134
48244
56134
61827
51217
41380
65480
78116
94611
101929
93659
86589
107032
112557
108493
81514
111773
99960
106721
88216
119014
104671
118969
87011
113969
121417
103456
128560
117050
124503
139095
123398
103456
118312
123897
138226
137065
108785
146083
141083
137649
157150
148244
139588
190899
178335
157629
181981
187568
200888
199446
179335
198469
199675
192804
202533
190170
194661
223027...