17054
19815
22361
17054
13913
28578
28578
17054
34591
20521
46402
30316
25521
46402
43948
31737
47689
35478
37054
52006
40431
50761
49545
39545
67363
60546
83461
62820
54710
64214
97547
72137
64959
71859
73046
103317
73046
74316
103317
75199
86762
98128
129072
136390
189956
154534
195346
153587
190254
146390
193787
138627
186333
166740
190199
188138
173970
189777
172162
231999
169553
162955
222508
224138
183253
186322
186507
184847
205719...