200000 40000 10000 5000 200000
1 79273 3053
2 133439
2 156566
1 144545 8999
1 30768 5877
2 1513
2 50392
2 84907
1 9092 2806
2 10536
2 31353
2 106107
1 152086 184
2 67485
1 98466 9477
1 5687 4082
1 5822 4355
2 968
2 3607
2 45358
1 39476 8483
2 2357
2 4497
1 145225 1931
2 69667
2 15747
1 62549 9259
1 87528 2291
2 110540
2 44091
1 45519 7136
2 134692
1 181807 6344
2 156411
1 108938 2657
2 26532
1 34721 1190
1 75842 2489
1 60662 1398
1 48342 6255
1 144856 9966
2 94286...