10935
8831
21772
49230
34809
52784
33028
57582
42711
38162
42711
63757
63326
73133
45758
71682
78133
45758
68685
68685
56625
77240
77577
64709
50758
80755
64709
57811
61956
83394
106777
91614
87169
104789
85763
90902
99301
91630
109871
109565
109682
94285
109871
109565
120858
114256
99836
109871
100007
111488
100007
103543
92862
107268
102628
141751
137413
133143
145062
165603
158723
131788
178072
168534
169237
164850
187790
169917
163513...