200000 131476 1668 717 200000
2 19448
2 25844
1 59110 119
2 61462
2 64520
2 2327
2 62637
1 181920 304
1 199618 546
2 17020
2 66307
1 80185 312
2 2598
2 38458
2 30501
1 192711 451
1 175586 651
2 34558
1 158147 1032
1 90496 762
2 35482
1 55776 1627
1 189392 26
2 22131
2 37888
2 65522
2 36202
2 49946
1 42870 365
1 198872 231
1 65151 1044
2 59587
2 12421
2 65884
2 47861
2 60134
2 50301
2 14595
1 52437 1232
1 23529 324
2 20769
1 137642 23
1 49248 1206
2 2537
2 16179...