200000 131028 2159 1811 200000
1 104688 343
1 109955 178
1 15323 154
1 77595 384
2 45651
2 23166
2 8226
2 26214
1 145924 687
1 109042 1627
2 4611
1 161388 455
1 48246 526
1 199890 1021
1 179111 1312
1 191844 1674
2 14878
1 171622 1286
1 24860 127
1 69880 2066
2 22031
2 63122
2 36266
2 63707
1 149801 1001
1 47451 1517
2 45673
2 21441
2 41983
2 53758
1 107545 1816
1 133573 990
1 87448 2083
1 116375 1581
2 85
1 138710 2130
1 101307 1436
1 87435 555
1 174621 931
2 42729...