154
154
0
154
687
5149
5902
1828
5574
1828
4288
5902
4288
5019
8426
5219
4288
6505
5019
6833
5219
4826
8879
14307
6500
8879
7986
13816
11490
11644
14623
9739
12255
11298
13624
14547
13936
14547
13419
16386
18288
16386
16658
15093
16658
17159
15176
15214
16249
16653
18598
16932
18598
15993
14979
17546
16653
18218
15993
14979
18902
19662
20478
20908
19396
19662
18839
22236
21526
24007
22301
22153
28435
23363
24416
26831
31413
24897...