20000 13301 9597 8322 200000
1 18608 4163
1 16080 9164
1 14781 5627
1 7197 8819
1 17270 577
2 690
2 4199
2 1619
2 5887
1 13616 7020
1 7482 4198
1 6738 6391
1 13454 1207
2 2240
1 3984 6330
2 2413
2 2072
2 3004
1 11317 8660
1 14326 603
1 1765 3461
2 3919
2 2596
1 10311 537
2 2862
2 1802
2 2064
2 4664
2 6558
2 2877
1 3308 6470
1 8847 982
2 3976
1 15388 1447
1 7439 3268
1 14689 965
2 2793
1 13530 1335
2 3628
1 7874 8510
2 6472
2 865
1 10753 1290
1 11401 5176
2 6517...