211248739
96653975
93652840
33025832
5572
4152374
93291381
655356505
519427529
666279144
807706005
37293828
262688712
478629801
116840991
438046162
371495250
57750690
217191456
88947066
56245585
20814840
373953228
129140262
801730608
1878500
6011
455731093
302046441
595834231
20992
828862974
880
83285365
512277354
136535190
542679525
813575210
151913321
280431348
152441135
3317
666837243
315409023
255204049
1626372
725046782
29978
31274
503034267
902226603...