100000 17
3719 93957
2275 97800
564 95100
5770 92117
636 95191
2907 99364
8023 99025
2208 95357
3856 98689
4424 93173
632 91401
7316 91711
2420 91704
6251 97269
3674 95962
7334 90097
5368 94996
5652 96809
5325 97979
9288 97564
3182 99340
3814 96472
4050 96003
3977 92022
8983 90711
8912 92602
1931 95082
5997 99237
2211 92043
9605 90469
1879 96838
5970 95538
5172 94704
2788 91745
6249 99086
4155 91795
2634 90877
5967 91348
6657 91545
1721 91886
2231 94872
3191 91702...