665263431
590732755
105322932
30540226
137708596
818230949
957351622
429140015
257581540
605621826
133279222
857234838
875995614
327454631
869098815
730228219
549582038
358372038
985620193
373281899
577746664
494796049
140439236
703332262
186989587
919598052
800170332
506341639
373411440
666652389
724407771
492204982
36880130
392034176
235836937
481604794
257806245
601218667
859518503
558150793
44652345
161918208
651555379
38535480
43673292
346930496
334817313...