100000 3
7060 91292
2262 91365
8484 90721
7517 97431
8276 97332
6128 92947
8098 91355
5501 90827
6449 96902
1369 95422
8119 98706
764 98344
6013 91945
5107 95935
530 94399
4973 98789
1304 97412
4895 94011
3094 99670
9440 93946
3556 96734
3149 90682
7442 99952
7254 96589
2657 99102
9103 91922
1352 95124
7184 97701
8944 92299
3302 90523
6249 92680
4352 90089
5475 96956
7666 97964
1078 98051
9845 96880
3706 92872
9013 95724
2079 94013
9250 94786
8919 95637
9088 93090...