100000
500 100
500 101
500 102
500 103
500 104
500 105
500 106
500 107
500 108
500 109
500 110
500 111
500 112
500 113
500 114
500 115
500 116
500 117
500 118
500 119
500 120
500 121
500 122
500 123
500 124
500 125
500 126
500 127
500 128
500 129
500 130
500 131
500 132
500 133
500 134
500 135
500 136
500 137
500 138
500 139
500 140
500 141
500 142
500 143
500 144
500 145
500 146
500 147
500 148
500 149
500 150
500 151
500 152
500 153
500 154
500 155...