50000
1 1
2 2
3 3
4 1
5 3
6 1
7 3
8 2
9 6
10 5
11 1
12 3
13 13
14 8
15 9
16 1
17 1
18 2
19 5
20 13
21 6
22 1
23 3
24 5
25 23
26 19
27 9
28 26
29 6
30 2
31 19
32 9
33 20
34 19
35 10
36 16
37 31
38 14
39 33
40 31
41 28
42 18
43 33
44 9
45 14
46 19
47 36
48 10
49 49
50 8
51 42
52 17
53 46
54 12
55 38
56 53
57 1
58 16
59 35
60 45
61 24
62 49
63 13
64 41
65 21
66 2
67 13
68 64
69 41
70 5
71 59
72 10
73 25
74 69
75 58
76 5
77 34
78 60...