0
40000
599939979
465727387
535781788
733074823
636831165
334067516
215164852
944973975
111260018
982624844
475175938
853452674
875149906
26675350
193224124
131132878
391142977
114186961
240607766
783804670
92861546
763374635
651058946
335991663
948696677
175540599
779696059
705968206
468387494
937458723
227516830
517281305
322849352
756075880
659571911
325134579
692128285
959146974
230782601
828675560
169907821
517700899
150326548
44497600
760859993
38878740...