809914449
309175231
546987917
623135901
413413214
651329424
677117694
93091057
690630237
637562057
965539342
651997545
6729494
242053312
315629603
913488060
900924989
528680405
274650942
795145427
588171869
15375981
115796289
120740361
531328973
639980973
207089129
526072650
363356130
332168271
697939610
902427927
898474570
227326670
582519253
960259122
111093811
596894094
20694411
406787138
683292152
144631401
797953431
745905147
471943724
576365926
284945928...