100000
98280 4
98280 3
98280 2
98280 4
98280 2
98280 4
98280 3
98280 1
98280 2
98280 2
98280 3
98280 4
98280 3
98280 4
98280 4
98280 3
98280 1
98280 3
98280 1
98280 1
98280 4
98280 1
98280 4
98280 2
98280 3
98280 3
98280 3
98280 4
98280 4
98280 4
98280 2
98280 3
98280 3
98280 3
98280 2
98280 4
98280 2
98280 1
98280 4
98280 3
98280 2
98280 2
98280 2
98280 4
98280 1
98280 2
98280 3
98280 1
98280 4
98280 3
98280 2
98280 3
98280 4
98280 1
98280 1
98280 2...