0
17280
337700089
830230448
285838127
136598084
169547789
486157587
18472830
458388784
309615988
63106799
680821443
480705766
467244315
514141129
146087057
765905682
752096042
383054755
209361020
624193940
899877158
185743273
200145818
516020611
760779749
970738911
590152570
191592040
0
20736
866513522
295051737
383592879
72868677
494085324
136553965
498052365
833966897
102443705
377925084
305327627
480705766
951436645
635695121
700689437
633362946
617287045...