100 100
37 84
58 97
52 48
81 55
81 77
11 13
33 94
27 56
26 78
30 71
30 85
35 2
56 35
11 97
64 44
23 4
48 91
77 51
22 56
82 25
26 61
65 33
4 2
24 10
48 63
86 1
97 38
12 36
26 8
70 89
88 44
66 58
73 44
94 40
2 16
59 66
82 60
85 35
70 25
88 48
40 39
10 38
36 26
23 56
70 77
46 39
87 26
50 86
6 49
30 10
19 3
80 52
95 39
90 60
31 93
53 80
36 20
59 7
55 19
9 97
50 91
70 41
14 88
56 34
74 78
28 12
8 33
6 29
94 81
73 3
41 24
99 42
6 83
12 32...