100 95
41 50
59 86
98 11
9 53
81 75
34 9
16 33
84 19
90 92
3 89
15 29
58 94
63 18
66 14
85 67
92 25
49 44
25 46
53 11
38 68
17 78
1 86
30 47
5 22
35 18
1 23
63 55
81 45
48 60
44 75
96 96
18 53
68 34
48 91
32 47
60 96
63 66
62 53
10 56
40 20
63 88
67 47
79 30
29 9
59 57
27 24
81 61
35 4
23 24
92 34
47 72
71 9
19 24
66 49
87 5
66 79
35 99
25 60
99 35
41 80
8 57
97 61
73 13
39 39
63 54
88 12
11 45
8 75
61 14
78 84
45 2
47 8
41 81
61 82...