1000
88 -577 3835239 0.702117
-85 -167 2764545 0.503535
-42 597 6967818 0.324267
-125 -10 1491227 0.795509
749 -560 9889963 0.619231
648 -893 1608685 0.218841
454 -485 5670928 0.919741
274 986 5494710 0.578672
-74 -74 9619476 0.443436
-168 446 1113372 0.130777
-495 879 5840546 0.619541
-464 3 5559517 0.962413
-415 631 3678013 0.089744
99 -478 4837509 0.220967
551 501 3061587 0.980628
-644 -238 6267869 0.251744
-653 348 2574361 0.146946
-425 -608 9623269 0.591518
172 369 6079215 0.597476...