843
105 44 34 0.809766
33 83 195 0.978038
20 -73 255 0.882999
-77 55 243 0.260325
25 -78 257 0.292212
-47 4 62 0.375917
87 90 201 0.686739
-67 70 247 0.929546
-56 66 208 0.100177
86 63 67 0.997737
-58 85 128 0.913643
96 -103 162 0.184868
-56 70 148 0.803448
51 35 287 0.652087
56 63 70 0.060086
-66 56 32 0.972566
42 -5 38 0.679267
-1 31 183 0.460011
67 5 163 0.798910
-39 60 0 0.806482
99 -88 192 0.424180
27 -100 246 0.857751
83 58 146 0.751625
67 -72 179 0.192436
49 83 228 0.322100...