3000 3000 2409 9
2669 784
111 1666
1717 364
1418 2545
2331 1743
811 216
436 1686
129 935
1995 2941
1985 482
2196 2978
1258 1874
1026 1648
1607 2092
1849 1174
433 1928
2460 2182
707 971
1760 2822
716 1662
2375 850
928 1180
207 488
1568 2168
2161 2634
2821 165
698 608
1289 1908
2228 2299
2302 2849
2206 1867
1076 1222
904 491
1968 1311
489 2263
2615 2933
2137 1797
2367 2307
247 777
2655 1148
523 687
610 2659
1309 2997
2809 745
1789 582
205 26
2576 560
1201 2872...