1868 472 1262 10
889 388
175 377
1323 350
939 443
1561 258
114 169
459 7
1287 17
1758 110
1013 200
1078 444
242 468
640 28
1724 219
57 395
844 467
1761 338
714 223
494 32
50 312
1130 341
1595 234
1828 312
1482 147
880 242
363 455
1390 105
941 438
827 238
1481 101
1680 143
570 33
69 430
1084 151
1111 232
1797 39
1791 342
703 356
889 31
524 61
1233 36
761 328
509 179
1627 282
1669 358
780 15
430 417
1516 16
1720 54
485 280
864 108
490 103
319 260
1722 55...