12
7
5
12
12
7
7
12
9
7
12
12
7
7
7
7
12
7
5
8
12
7
5
5
7
5
6
12
12
7
7
12
5
7
7
12
9
9
7
12
7
7
7
12
8
12
10
12
7
9
6
7
12
7
9
7
7
7
7
7
12
7
12
5
7
7
7
12
8
12
7
7
7
7
7
7
9
12
7
5
7
12
7
7
8
12
12
7
12
6
6
12
7
7
7
7
7
5
7
12
12
7
7
7
9
12
5
5
5
12
7
12
5
12
12
7
12
5
7
12
9
5
12
5
7
12
7
12
7
7
12
10
12
7
12
12
12
7
7
7
5
7
6
7
7
7
7
12
12
7
7
7
10
12...