10000 100
4054 152
800 24
2108 20
8096 252
711 492
8681 81
2138 69
2664 445
5405 135
210 95
4093 225
6140 322
616 49
9839 31
4510 409
7293 375
5493 176
6941 381
6231 202
2189 297
8544 205
5380 2
4253 114
7547 87
8332 194
7326 2
9579 340
7303 61
3832 228
3407 55
3087 192
5692 101
5693 543
6430 391
3650 267
5017 14
626 573
4411 229
4184 168
6266 391
2614 144
6994 31
8234 597
3918 99
617 146
5098 184
8950 5
3792 311
6826 360
138 175
4850 2
3315 234
5471 67...