2000000 200000
202306 1
278763 1
1790623 1
813338 1
765544 1
500719 1
735585 1
654846 1
601724 1
1004081 1
47397 1
1916725 1
745183 1
476403 1
1080120 1
1439021 1
415204 1
955481 1
1335490 1
999055 1
1380456 1
1861500 1
977450 1
1863641 1
114182 1
1532441 1
6429 1
1883934 1
41455 1
178777 1
1204790 1
1203684 1
610272 1
1212101 1
21185 1
490145 1
1487542 1
228048 1
539808 1
1427034 1
1236644 1
958473 1
1420119 1
1936480 1
1096460 1
209507 1
907051 1
1784240 1...