2000000 200000
1039899 1
383467 5
1322666 1
784993 4
1930626 3
260035 2
92844 3
1234355 3
450645 3
990565 1
474067 2
494912 5
885881 2
1876076 3
661695 2
1007307 3
646797 3
431500 2
981083 2
1169090 4
255965 3
13850 1
961475 4
71531 5
1436457 2
1467061 4
1804469 4
933599 5
644004 4
1509427 5
1016297 5
553798 1
1027930 4
1573234 5
1271659 1
136131 2
1671638 5
1197539 5
23486 1
809933 4
337506 5
355506 1
79375 2
1530234 5
302832 3
1429466 1
1940976 5
1765128 2...