2000000 200000
1223619 17
380436 23
581994 47
410602 38
581886 46
434174 72
508976 3
409289 21
454730 28
1845400 35
1897340 22
1346800 11
204940 41
1102770 62
841127 66
1429116 91
1326958 3
1574715 19
645576 8
1978253 67
784739 32
573469 121
514992 36
1937726 11
375828 46
1150286 34
8075 55
1158282 66
841011 24
725629 49
180606 1
1738054 9
1026355 1
559289 49
1364546 19
232123 48
354256 27
1116893 6
1427859 110
607812 18
415299 202
923965 14
1936823 3
823417 127...