100
78 87
46 64
63 54
79 77
66 85
31 3
68 29
79 70
30 7
18 96
31 48
64 57
75 56
40 94
28 6
85 80
32 83
95 65
66 17
8 38
12 67
63 18
64 51
49 97
76 93
25 88
2 92
76 13
54 69
52 58
20 75
93 16
18 82
96 62
98 66
73 60
84 73
18 45
43 53
68 28
17 4
2 30
11 37
3 10
58 84
26 79
35 23
43 36
43 9
81 8
29 49
98 15
68 55
52 68
79 44
13 5
45 35
85 72
1 47
98 52
59 33
93 90
19 43
41 26
71 81
84 100
84 86
52 22
18 99
95 21
81 27
72 39
31 91
86 32...