74
56 73
42 12
42 25
42 66
17 61
42 55
42 37
42 39
56 5
16 4
42 59
42 34
42 60
42 11
70 18
42 30
56 26
42 31
17 40
42 16
42 9
16 21
60 19
16 54
42 15
17 13
42 2
42 36
42 8
42 17
42 35
16 50
42 53
42 51
60 71
42 49
42 7
42 74
56 67
42 3
16 47
42 22
42 62
42 1
17 72
42 69
42 29
42 28
42 33
9 43
17 45
16 48
42 44
42 46
42 27
16 32
60 68
59 41
42 56
42 52
42 10
16 63
42 58
56 14
42 70
42 38
42 65
42 6
42 57
16 64
60 23
16 20
42 24