95852
3099 476
3585 2697
4001 2210
1956 3654
2522 3490
2783 841
4001 3651
1776 84
4001 1340
3049 887
665 2848
2260 1314
1100 3493
4001 3675
2783 1811
1814 540
3150 530
773 2606
2383 2410
1780 837
3572 1313
4106 72
3521 1811
1317 3557
1197 106
4103 3402
1911 327
3239 78
2111 45
1715 1774
3521 539
1948 2456
17 3041
2731 2476
3572 2587
773 1155
4001 1458
3521 3525
1472 2249
2513 1240
4001 2044
825 1398
3479 2874
2092 2780
1911 3690
2245 3408
3585 3535
3977 2463...