50 200000
X.X..X.X....X...X......X...X......X......XXX...XX.
X...X.......X....X....XX....XXX..X..X.XX..X..XX...
100 20
19 40
78 62
70 75
37 7
58 2
20 77
14 19
2 27
58 47
36 83
99 19
64 18
77 19
86 53
61 95
57 71
54 60
25 53
66 9
100 86
46 7
70 30
70 100
39 66
58 14
45 7
72 52
65 14
61 11
54 37
7 23
12 58
46 19
18 53
9 33
20 69
10 7
57 32
72 11
10 70
58 31
29 33
26 33
2 56
75 77
39 20
45 60
23 76
29 30
23 60
4 57
72 2
20 40
25 83
52 98
31 20
23 37...