199999
199996
199994
199997
199996
199992
199997
199998
199999
199996
199995
199994
199998
199997
199995
199995
199998
199991
199997
199997
199994
199996
199993
199992
199999
199997
199994
199994
199992
199994
199992
199992
199995
199996
199993
199993
199994
199996
199998
199990
199992
199995
199994
199993
199993
199997
199996
199995
199996
199997
199999
199998
199991
199994
199994
199993
199996
199996
199995
199992
199998
199998
199996
199997...