4 200000
XX..
....
5 8
8 3
7 4
7 3
5 5
3 5
7 7
8 4
5 8
8 7
3 3
6 4
6 8
5 8
3 3
7 6
8 4
8 4
8 6
5 4
8 3
6 3
5 6
8 5
8 8
5 7
8 7
7 7
3 5
7 7
3 6
8 3
5 8
4 8
8 4
7 3
7 7
3 3
7 3
6 7
5 3
5 7
7 5
6 7
6 3
4 5
7 4
8 7
6 6
7 5
5 8
5 8
8 8
4 3
7 7
6 7
6 3
6 3
5 4
7 6
3 4
6 8
6 3
5 5
7 8
3 3
8 7
8 3
5 3
7 3
8 7
6 5
7 7
4 8
4 7
3 4
8 4
6 6
6 6
8 7
6 5
8 7
7 3
3 6
3 5
8 7
3 3
6 5
4 7
7 4
6 4
7 7
8 5
5 7
3 7
8 3
6 3
4 7...