99489
98145
7651
116991
50243
35717
130740
44070
13873
88944
58960
138891
129360
21602
155455
66066
70981
119908
151737
157609
106066
75595
117207
82059
32056
64034
52182
18570
95648
20897
115597
61095
35217
67392
46505
52184
5084
68672
72650
25540
2682
85978
50964
19992
171099
143352
143042
69954
55582
59124
11150
3571
78878
24349
141460
160062
125024
17672
90792
134366
43299
79016
992
114012
72801
15619
63086
66570
26987
100578
123527...