0
4
5
5
3
4
0
9
2
5
5
0
5
0
7
3
0
0
5
5
0
0
9
0
3
2
5
7
12
0
10
5
0
6
0
2
9
4
8
0
0
9
8
0
0
0
0
2
0
1
7
2
0
0
0
0
5
4
11
0
5
5
5
9
5
8
5
5
0
5
5
8
0
0
8
2
0
12
5
5
8
3
0
5
0
0
0
0
4
0
10
0
10
5
12
0
0
0
0
5
0
8
5
0
0
5
0
0
5
0
9
0
5
3
0
3
12
0
0
8
0
5
0
5
5
5
8
8
0
2
0
5
5
0
0
5
5
5
0
12
0
1
5
5
6
4
5
5
0
14
0
6
0
4
0
5
8
3
0
12
0
9
5
5
0
0
0...