100000
23234635 -999999911 23234635 999999980
999999952 -967575283 -999999907 -967575283
999999971 484726743 -999999920 484726743
-785375058 -999999925 -785375058 999999987
312630552 999999981 312630552 -999999985
-512920668 -999999928 -512920668 999999973
999999908 -6765127 -999999933 -6765127
-270101185 -999999999 -270101185 999999990
-999999928 646922290 999999932 646922290
-999999941 660348134 999999908 660348134
-522549095 999999994 -522549095 -999999923
-292521943 -999999951 -292521943 99...