100
452528887 -999999985 452528887 999999929
-797943700 -999999933 -797943700 999999907
908688924 999999927 908688924 -999999947
-817276885 -999999986 -817276885 999999940
562284490 -999999905 562284490 999999988
212691402 999999979 212691402 -999999929
61800961 999999952 61800961 -999999906
999999955 -735594551 -999999958 -735594551
503445620 999999947 503445620 -999999907
-666523577 999999930 -666523577 -999999952
999999979 -915393665 -999999962 -915393665
615726925 999999983 615726925 -99999...