200
-977580950 999999974 -977580950 -999999987
-501803894 -999999990 -501803894 999999972
403962571 -999999996 403962571 999999965
768524857 999999928 768524857 -999999960
466140797 999999960 466140797 -999999999
973300151 -999999956 973300151 999999973
163924213 -999999978 163924213 999999976
88204617 -999999932 88204617 999999917
-430999789 999999978 -430999789 -999999965
549343941 999999955 549343941 -999999966
-615720323 -999999960 -615720323 999999996
551817186 999999949 551817186 -9999999...