400
261613402 -999999996 261613402 999999957
649229101 999999901 649229101 -999999996
-999999948 -528255165 999999977 -528255165
-999999978 239253224 999999943 239253224
-999999982 -396096539 1000000000 -396096539
-999999909 605707172 999999937 605707172
-977641840 999999969 -977641840 -999999909
-940901405 -999999920 -940901405 999999963
-999999946 727997870 999999974 727997870
908994475 999999961 908994475 -999999926
-999999940 996665494 999999909 996665494
999999984 -6840351 -999999965 -6840...