1000
-506055095 -999999974 -506055095 999999978
783219764 -999999908 783219764 999999945
321717232 999999920 321717232 -999999964
-619825042 -999999938 -619825042 999999916
-735741135 999999913 -735741135 -999999937
-999999937 -67681109 999999961 -67681109
-793292683 999999941 -793292683 -999999908
-436322441 999999980 -436322441 -999999992
-999999989 581023251 999999911 581023251
-300636490 999999905 -300636490 -999999966
923429474 999999961 923429474 -999999972
999999986 -467573505 -999999922...