3000
65473979 -999999981 65473979 1000000000
-999999937 650423842 999999908 650423842
-630346535 999999917 -630346535 -999999926
999999945 -555930320 -999999928 -555930320
-999999940 -6810372 999999944 -6810372
999999992 -902491686 -999999981 -902491686
-999999951 -849232591 999999948 -849232591
999999969 -602762381 -999999971 -602762381
-999999962 108975636 999999919 108975636
986586147 999999929 986586147 -999999905
999999934 -98396497 -999999935 -98396497
-999999941 -205314622 999999939 -205...