70000
289015845 999999986 289015845 -999999931
-184298986 999999932 -184298986 -999999977
394240603 -999999944 394240603 999999963
999999905 -312156233 -999999906 -312156233
772640292 999999983 772640292 -999999928
999442121 999999933 999442121 -999999935
889825138 -999999980 889825138 999999924
-430542925 -999999915 -430542925 999999904
-125144730 999999945 -125144730 -999999923
999999991 180513226 -999999965 180513226
999999923 -540680885 -999999985 -540680885
145317863 -999999969 145317863 9...