90000
839851222 -999999926 839851222 999999941
-857096223 -999999975 -857096223 999999992
-530504910 999999971 -530504910 -999999945
120422568 999999907 120422568 -999999995
648352448 999999905 648352448 -999999946
338222470 999999984 338222470 -999999991
764507881 999999902 764507881 -999999940
20906553 -999999996 20906553 999999989
-352407248 -999999907 -352407248 999999938
999999947 590211944 -999999940 590211944
-598929377 999999924 -598929377 -999999997
-981632652 -999999982 -981632652 999...