100000
-687333121 999999949 -687333121 -999999992
133245048 -999999980 133245048 999999971
712370568 -999999990 712370568 999999965
-121661598 -999999904 -121661598 999999979
-366832282 -999999914 -366832282 999999951
-838166784 999999979 -838166784 -999999995
-569788899 999999961 -569788899 -999999963
-668393229 -999999912 -668393229 999999981
-563478167 -999999984 -563478167 999999942
-672928654 999999947 -672928654 -999999967
-412938500 999999985 -412938500 -999999912
-985402110 999999990 -9...