100000
-376166576 -999999961 -376166576 999999998
999999910 -614241550 -999999973 -614241550
574547051 999999924 574547051 -999999994
529612011 999999999 529612011 -999999903
395203662 -999999949 395203662 999999910
-993679667 -999999930 -993679667 999999998
99659143 -999999940 99659143 999999951
465433823 999999977 465433823 -999999980
-730931222 -999999903 -730931222 999999914
577544824 -999999971 577544824 999999949
-663614932 -999999958 -663614932 999999961
556959363 999999984 556959363 -10...