100000
995687674 -999999993 995687674 999999919
800626479 999999924 800626479 -999999997
-923252990 -999999915 -923252990 999999920
349759907 999999998 349759907 -999999941
-161418818 999999930 -161418818 -999999993
266163065 -999999999 266163065 999999979
-999999911 268336637 999999931 268336637
-999999910 -270012903 999999941 -270012903
49267588 -999999932 49267588 999999983
456757844 -999999940 456757844 999999976
-999999959 957036761 999999958 957036761
-836960375 -999999943 -836960375 9999...