100000
137511307 -999999939 137511307 999999982
-148991311 -999999970 -148991311 999999968
112213868 -999999997 112213868 999999945
760444793 999999952 760444793 -999999985
999999927 850210341 -999999930 850210341
-820992796 999999939 -820992796 -999999984
-999999993 -796303225 999999907 -796303225
999999920 129663593 -999999942 129663593
-800858503 999999951 -800858503 -999999936
-711276326 999999969 -711276326 -999999941
-343260803 999999942 -343260803 -999999977
683378424 -999999982 68337842...