400
162923838 -999999924 162923838 -426076630
123346987 -373045631 999999992 -373045631
999999933 836786128 81728104 836786128
999999980 677712189 -199602163 677712189
-293654798 712879944 999999945 712879944
999999970 765777347 112849884 765777347
-999999909 -153713924 999999999 -153713924
999999901 -953032663 -999999936 -953032663
-293950901 -781432222 999999960 -781432222
-999999948 -796845727 999999997 -796845727
-549251303 -376433008 -549251303 999999949
-999999994 373645135 -940141042 373...