800
-71584094 -226827310 -71584094 -999999976
-889661639 999999909 -889661639 -289908522
631700092 999999915 631700092 716000520
-565648913 999999933 -565648913 120862434
-269639178 -999999989 -269639178 202640771
514747302 -177135339 514747302 -999999979
-599556233 -999999954 -599556233 -2930285
-507962567 726872929 -507962567 -999999935
-210929507 -999999934 -210929507 207352246
298435855 10516349 298435855 -999999993
166603029 -999999902 166603029 -897176334
292633421 -999999923 292633421 -2...