1000
421125507 999999903 421125507 -66328620
-999999949 650962265 999999962 650962265
348119882 435814383 348119882 -999999951
-516463772 -999999960 -516463772 425798382
-17154647 -999999951 -17154647 -564804193
580596078 -999999900 580596078 951594605
25391180 999999984 25391180 -164674110
-118397376 999999995 -118397376 -246638549
-192263658 999999903 -192263658 -445275612
606533339 -999999941 606533339 -44627275
-320029141 -999999988 -320029141 -491893055
249768611 -999999943 249768611 -3659...