5000
498447585 -167760417 -999999977 -167760417
999999938 -314113782 555372418 -314113782
-165766507 -353121927 -999999990 -353121927
661610616 -625381521 -999999980 -625381521
999999978 -805179533 -999999907 -805179533
-999999936 483401593 999999966 483401593
-361076070 464087585 -999999946 464087585
999999910 -725138271 706576911 -725138271
657500809 -436863312 999999937 -436863312
999999963 514966156 -999999960 514966156
999999958 471256063 -999999929 471256063
999999997 916920177 789157147 ...