10000
720235934 999999910 720235934 -404097550
-205455630 -999999933 -205455630 -485662068
-999999902 -540711019 999999999 -540711019
-999999907 -221968318 882247166 -221968318
-999999991 410778675 999999960 410778675
999999938 -867474351 861979774 -867474351
-71921748 -694045790 -999999962 -694045790
-999999987 -688124722 999999950 -688124722
999999962 -704741793 -999999982 -704741793
-752908094 412029031 -752908094 -999999949
901825582 -117171932 901825582 999999942
-999999936 165566551 69959...