50000
-648050801 -999999963 -648050801 -283859598
-999999925 -74654857 255993580 -74654857
-999999961 -226351424 248008712 -226351424
999999919 -331796351 -209467395 -331796351
543374461 479033959 -999999909 479033959
554951254 -836594583 999999996 -836594583
-305356997 -625205626 -305356997 999999978
448566763 999999920 448566763 762496289
-999999938 824789794 999999957 824789794
-999999953 -909174050 999999947 -909174050
999999980 -481912800 -999999998 -481912800
-999999918 42886553 999999933...