50000
-999999917 165412164 -629122778 165412164
999999906 809607004 -47477983 809607004
-268235519 999999926 -268235519 -730930185
-999999930 -266929429 -174672593 -266929429
224050572 -999999989 224050572 -569366286
935816062 -735651006 999999988 -735651006
-999999975 112891831 -718096346 112891831
-42153344 -111698817 -42153344 999999943
-999999975 335521258 894680740 335521258
-333408367 999999920 -333408367 191272385
983654755 -927871185 983654755 999999948
-999999998 632231849 45923306 632...