50000
-999999933 -740057549 999999995 -740057549
601592040 -53569773 -1000000000 -53569773
999999916 -142452999 -999999958 -142452999
512714274 -824397703 999999926 -824397703
-273374601 999999905 -273374601 281705651
-748166063 627947239 -748166063 999999913
-999999995 224815426 999999969 224815426
-999999978 -184225401 999999974 -184225401
-426453804 845594394 -999999955 845594394
-999999925 665246278 369979824 665246278
-999999937 422872399 999999944 422872399
-375954660 -357146520 999999969...