50000
999999926 981862234 -999999948 981862234
560677277 598016440 999999904 598016440
999999937 829339588 340397629 829339588
999999968 428473058 -441664607 428473058
-750089171 901330550 999999960 901330550
847834266 -276637674 847834266 -999999995
623016019 539974611 623016019 -999999979
-999999997 -352547844 683271228 -352547844
251815445 963396763 251815445 999999986
999999972 183213879 -665024955 183213879
910074574 -554579758 -999999932 -554579758
-999999948 112283517 999999935 112283517...