50000
869727873 -999999962 869727873 -511043994
-73911848 258534152 -73911848 999999955
502488369 -999999970 502488369 -757521357
847415689 417215237 847415689 -999999904
622187716 -999999917 622187716 901200087
86755302 -226285074 86755302 -999999964
999999929 -819750966 224884271 -819750966
64624921 321588708 64624921 999999980
404582022 -493386603 404582022 -999999956
-530084161 -999999900 -530084161 -898758266
-999999927 -23955383 845704102 -23955383
-999999949 962552020 505321888 962552020...