98001 98000
2 1
3 2
4 1
5 4
6 4
7 4
8 4
9 5
10 6
11 2
12 10
13 5
14 12
15 9
16 8
17 16
18 14
19 7
20 19
21 18
22 10
23 2
24 3
25 6
26 12
27 22
28 19
29 19
30 27
31 25
32 2
33 2
34 17
35 7
36 28
37 25
38 29
39 7
40 39
41 27
42 1
43 1
44 28
45 29
46 29
47 26
48 13
49 27
50 35
51 31
52 12
53 25
54 18
55 13
56 13
57 51
58 18
59 4
60 40
61 26
62 25
63 18
64 42
65 52
66 24
67 45
68 45
69 20
70 55
71 6
72 14
73 55
74 27
75 42
76 66
77 32...