0
0
0
0
57197
57197
81061
69908
39344
107856
103372
23672
69258
46821
23672
127071
23672
79538
7169
96406
26179
19442
47785
21534
54044
63566
38680
37050
108163
47056
30551
25224
56951
60308
0
27056
75123
27056
8060
105056
81015
106228
45406
43930
37784
72913
130740
42202
93238
93193
47355
59753
2693
76498
124997
97596
78267
92252
100738
15117
112950
50425
84794
234
116090
44656
106823
71954
3373
100910
77308
117261
6172
73301
22392...