0
0
79117
0
0
82290
122565
0
24244
86047
37395
40674
87227
117003
0
58846
59521
30695
115734
102108
24840
70512
74779
27391
59572
28976
60738
84221
27962
3313
65340
4435
116237
86485
15803
19938
50509
129180
85783
21646
40651
61346
99571
6562
0
104069
94745
129929
105336
9147
18385
106886
26987
24964
61091
29633
110774
0
120235
49112
75199
74890
113413
95748
21051
34160
87599
10929
121336
106363
16235
33822
22744
107344
45225
80812...