30 100000
1 24 5 29 18
2 8 10 20 30 16957
1 11 5 25 14
2 22 4 23 10 80827
1 3 4 26 9
1 11 3 26 13
1 9 2 30 10
1 19 21 25 25
2 12 11 22 26 31442
1 27 18 30 24
1 4 8 10 18
1 8 6 13 27
1 9 22 22 24
2 9 16 14 21 59781
1 8 8 15 25
1 1 15 23 26
2 18 24 30 25 87826
1 8 18 14 26
1 13 18 26 21
2 10 12 30 17 38675
1 24 17 27 27
1 8 19 20 25
2 6 27 21 28 27653
1 8 11 27 16
1 6 9 19 9
1 7 3 16 19
1 2 1 22 21
1 3 18 8 24
1 26 16 29 30
1 9 6 9 19
2 2 9 11 23 94264
1 5 1 6 27
1 2 7 18 25...