30578
21851
34040
44673
41792
1
9457
1
1
58781
1
1
1
1
8100
1
63626
84375
80178
38949
18743
1
21381
1
92104
12394
1
1
51150
15282
1
1
82334
94773
1
88708
1
93089
1
64782
25168
1
45088
77
48635
71681
57419
73284
92977
79443
1
1
76973
1
1
1
25490
41257
1
90177
19743
71986
72005
1
78350
57726
1
1
41159
1
1
1
64966
1
1
31849
41098
49427
1
89543
1
87198
1
1
1
1
41863
83343
1
1
1
1
51117
45616
26636
1
19418
36329
1...