1
10702
33974
1
1
1
1
1
1
74333
67802
78884
45112
27791
1
1
91191
1
1
1
99853
72723
1
1
1
59769
53540
1
1
13582
1
73058
97913
1
1
64752
1
1
89308
13354
1
73605
76599
99002
1
79587
1
1
1
1
1
1
1
60093
1
82930
1
4965
1
69186
54582
1
78138
79324
1
1
1
1
77218
79412
87294
1
1
1
96667
1
68164
52791
1
1
82953
1
30925
87006
81364
1
79114
31338
52817
7077
1
1
1
1
66295
43726
90341
1548
46913
1
1
67567
4776
48380...