40744
71914
85569
77554
8489
54835
69514
8468
83009
97314
32597
61559
60556
36248
61529
10744
40459
10361
20195
42547
21387
23120
49867
1901
8466
12266
94339
94856
28306
70543
35828
29434
27101
67963
95887
84394
25983
44003
87066
54144
57480
99009
24016
63351
59983
64816
22883
8868
62794
7358
47998
74873
98903
90294
76999
64409
93083
75296
54983
89701
71429
94761
20160
34208
94477
18075
56556
43459
30857
47048
59524
51812
99257
99848...